#c        1
#tau      20
#x1       -26
#x2       26
#runtime  100
#dx       1
#outtime  1
#filename results.dat
#ngrid (derived) 52
#dt    (derived) 0.5
#nsteps(derived) 200
#nper  (derived) 2

#t = 0
-26 0
-24.9804 0
-23.9608 0
-22.9412 0
-21.9216 0
-20.902 0
-19.8824 0
-18.8627 0
-17.8431 0
-16.8235 0
-15.8039 0
-14.7843 0
-13.7647 0
-12.7451 0.00490196
-11.7255 0.0245098
-10.7059 0.0441176
-9.68627 0.0637255
-8.66667 0.0833333
-7.64706 0.102941
-6.62745 0.122549
-5.60784 0.142157
-4.58824 0.161765
-3.56863 0.181373
-2.54902 0.20098
-1.52941 0.220588
-0.509804 0.240196
0.509804 0.240196
1.52941 0.220588
2.54902 0.20098
3.56863 0.181373
4.58824 0.161765
5.60784 0.142157
6.62745 0.122549
7.64706 0.102941
8.66667 0.0833333
9.68627 0.0637255
10.7059 0.0441176
11.7255 0.0245098
12.7451 0.00490196
13.7647 0
14.7843 0
15.8039 0
16.8235 0
17.8431 0
18.8627 0
19.8824 0
20.902 0
21.9216 0
22.9412 0
23.9608 0
24.9804 0
26 0


# t = 1
-26 0
-24.9804 0
-23.9608 0
-22.9412 0
-21.9216 0
-20.902 0
-19.8824 0
-18.8627 0
-17.8431 0
-16.8235 0
-15.8039 0
-14.7843 0.000306373
-13.7647 0.00395221
-12.7451 0.0143076
-11.7255 0.0254289
-10.7059 0.0441176
-9.68627 0.0637255
-8.66667 0.0833333
-7.64706 0.102941
-6.62745 0.122549
-5.60784 0.142157
-4.58824 0.161765
-3.56863 0.181373
-2.54902 0.20098
-1.52941 0.219363
-0.509804 0.226838
0.509804 0.226838
1.52941 0.219363
2.54902 0.20098
3.56863 0.181373
4.58824 0.161765
5.60784 0.142157
6.62745 0.122549
7.64706 0.102941
8.66667 0.0833333
9.68627 0.0637255
10.7059 0.0441176
11.7255 0.0254289
12.7451 0.0143076
13.7647 0.00395221
14.7843 0.000306373
15.8039 0
16.8235 0
17.8431 0
18.8627 0
19.8824 0
20.902 0
21.9216 0
22.9412 0
23.9608 0
24.9804 0
26 0


# t = 2
-26 0
-24.9804 0
-23.9608 0
-22.9412 0
-21.9216 0
-20.902 0
-19.8824 0
-18.8627 0
-17.8431 0
-16.8235 1.91483e-05
-15.8039 0.000472963
-14.7843 0.0039164
-13.7647 0.0137529
-12.7451 0.0248018
-11.7255 0.0329349
-10.7059 0.0453833
-9.68627 0.0637829
-8.66667 0.0833333
-7.64706 0.102941
-6.62745 0.122549
-5.60784 0.142157
-4.58824 0.161765
-3.56863 0.181296
-2.54902 0.199242
-1.52941 0.208247
-0.509804 0.206543
0.509804 0.206543
1.52941 0.208247
2.54902 0.199242
3.56863 0.181296
4.58824 0.161765
5.60784 0.142157
6.62745 0.122549
7.64706 0.102941
8.66667 0.0833333
9.68627 0.0637829
10.7059 0.0453833
11.7255 0.0329349
12.7451 0.0248018
13.7647 0.0137529
14.7843 0.0039164
15.8039 0.000472963
16.8235 1.91483e-05
17.8431 0
18.8627 0
19.8824 0
20.902 0
21.9216 0
22.9412 0
23.9608 0
24.9804 0
26 0


# t = 3
-26 0
-24.9804 0
-23.9608 0
-22.9412 0
-21.9216 0
-20.902 0
-19.8824 0
-18.8627 1.19677e-06
-17.8431 4.3682e-05
-16.8235 0.000600299
-15.8039 0.00392785
-14.7843 0.0131248
-13.7647 0.0243327
-12.7451 0.0326084
-11.7255 0.0439819
-10.7059 0.052061
-9.68627 0.0652057
-8.66667 0.0834548
-7.64706 0.102945
-6.62745 0.122549
-5.60784 0.142152
-4.58824 0.1616
-3.56863 0.179292
-2.54902 0.189109
-1.52941 0.187991
-0.509804 0.188157
0.509804 0.188157
1.52941 0.187991
2.54902 0.189109
3.56863 0.179292
4.58824 0.1616
5.60784 0.142152
6.62745 0.122549
7.64706 0.102945
8.66667 0.0834548
9.68627 0.0652057
10.7059 0.052061
11.7255 0.0439819
12.7451 0.0326084
13.7647 0.0243327
14.7843 0.0131248
15.8039 0.00392785
16.8235 0.000600299
17.8431 4.3682e-05
18.8627 1.19677e-06
19.8824 0
20.902 0
21.9216 0
22.9412 0
23.9608 0
24.9804 0
26 0


# t = 4
-26 0
-24.9804 0
-23.9608 0
-22.9412 0
-21.9216 0
-20.902 7.4798e-08
-19.8824 3.61274e-06
-18.8627 7.01538e-05
-17.8431 0.00070441
-16.8235 0.00394166
-15.8039 0.0125734
-14.7843 0.0237965
-13.7647 0.0321804
-12.7451 0.0423123
-11.7255 0.0521523
-10.7059 0.0628911
-9.68627 0.0713549
-8.66667 0.0849667
-7.64706 0.103124
-6.62745 0.122545
-5.60784 0.141904
-4.58824 0.159427
-3.56863 0.169801
-2.54902 0.169634
-1.52941 0.169149
-0.509804 0.170605
0.509804 0.170605
1.52941 0.169149
2.54902 0.169634
3.56863 0.169801
4.58824 0.159427
5.60784 0.141904
6.62745 0.122545
7.64706 0.103124
8.66667 0.0849667
9.68627 0.0713549
10.7059 0.0628911
11.7255 0.0521523
12.7451 0.0423123
13.7647 0.0321804
14.7843 0.0237965
15.8039 0.0125734
16.8235 0.00394166
17.8431 0.00070441
18.8627 7.01538e-05
19.8824 3.61274e-06
20.902 7.4798e-08
21.9216 0
22.9412 0
23.9608 0
24.9804 0
26 0


# t = 5
-26 0
-24.9804 0
-23.9608 0
-22.9412 4.67487e-09
-21.9216 2.8096e-07
-20.902 7.07523e-06
-19.8824 9.70859e-05
-18.8627 0.000791985
-17.8431 0.00395023
-16.8235 0.0120954
-15.8039 0.0231868
-14.7843 0.0317637
-13.7647 0.0409526
-12.7451 0.0514507
-11.7255 0.060534
-10.7059 0.0716022
-9.68627 0.0817826
-8.66667 0.0907254
-7.64706 0.104665
-6.62745 0.122452
-5.60784 0.139634
-4.58824 0.150422
-3.56863 0.15122
-2.54902 0.150309
-1.52941 0.1528
-0.509804 0.152695
0.509804 0.152695
1.52941 0.1528
2.54902 0.150309
3.56863 0.15122
4.58824 0.150422
5.60784 0.139634
6.62745 0.122452
7.64706 0.104665
8.66667 0.0907254
9.68627 0.0817826
10.7059 0.0716022
11.7255 0.060534
12.7451 0.0514507
13.7647 0.0409526
14.7843 0.0317637
15.8039 0.0231868
16.8235 0.0120954
17.8431 0.00395023
18.8627 0.000791985
19.8824 9.70859e-05
20.902 7.07523e-06
21.9216 2.8096e-07
22.9412 4.67487e-09
23.9608 0
24.9804 0
26 0


# t = 6
-26 0
-24.9804 2.9218e-10
-23.9608 2.10077e-08
-22.9412 6.51049e-07
-21.9216 1.13878e-05
-20.902 0.000123717
-19.8824 0.00086682
-18.8627 0.0039523
-17.8431 0.0116751
-16.8235 0.0225422
-15.8039 0.0313298
-14.7843 0.03979
-13.7647 0.0503707
-12.7451 0.0591236
-11.7255 0.07007
-10.7059 0.0791642
-9.68627 0.0908848
-8.66667 0.100673
-7.64706 0.109722
-6.62745 0.121682
-5.60784 0.1313
-4.58824 0.132739
-3.56863 0.13167
-2.54902 0.134604
-1.52941 0.135238
-0.509804 0.135604
0.509804 0.135604
1.52941 0.135238
2.54902 0.134604
3.56863 0.13167
4.58824 0.132739
5.60784 0.1313
6.62745 0.121682
7.64706 0.109722
8.66667 0.100673
9.68627 0.0908848
10.7059 0.0791642
11.7255 0.07007
12.7451 0.0591236
13.7647 0.0503707
14.7843 0.03979
15.8039 0.0313298
16.8235 0.0225422
17.8431 0.0116751
18.8627 0.0039523
19.8824 0.00086682
20.902 0.000123717
21.9216 1.13878e-05
22.9412 6.51049e-07
23.9608 2.10077e-08
24.9804 2.9218e-10
26 0


# t = 7
-26 0
-24.9804 5.6268e-08
-23.9608 1.19947e-06
-22.9412 1.63702e-05
-21.9216 0.000149625
-20.902 0.00093139
-19.8824 0.00394811
-18.8627 0.0112992
-17.8431 0.0218904
-16.8235 0.0308557
-15.8039 0.0387909
-14.7843 0.0491143
-13.7647 0.0580169
-12.7451 0.0680795
-11.7255 0.0778388
-10.7059 0.0883815
-9.68627 0.0979885
-8.66667 0.109553
-7.64706 0.116848
-6.62745 0.118601
-5.60784 0.11602
-4.58824 0.113505
-3.56863 0.116237
-2.54902 0.117924
-1.52941 0.118145
-0.509804 0.119002
0.509804 0.119002
1.52941 0.118145
2.54902 0.117924
3.56863 0.116237
4.58824 0.113505
5.60784 0.11602
6.62745 0.118601
7.64706 0.116848
8.66667 0.109553
9.68627 0.0979885
10.7059 0.0883815
11.7255 0.0778388
12.7451 0.0680795
13.7647 0.0580169
14.7843 0.0491143
15.8039 0.0387909
16.8235 0.0308557
17.8431 0.0218904
18.8627 0.0112992
19.8824 0.00394811
20.902 0.00093139
21.9216 0.000149625
22.9412 1.63702e-05
23.9608 1.19947e-06
24.9804 5.6268e-08
26 0


# t = 8
-26 0
-24.9804 1.92368e-06
-23.9608 2.18666e-05
-22.9412 0.000174569
-21.9216 0.000987442
-20.902 0.00393826
-19.8824 0.0109578
-18.8627 0.0212472
-17.8431 0.0303371
-16.8235 0.0379179
-15.8039 0.0477902
-14.7843 0.0569746
-13.7647 0.0661783
-12.7451 0.0764531
-11.7255 0.0858222
-10.7059 0.096508
-9.68627 0.106105
-8.66667 0.114088
-7.64706 0.118304
-6.62745 0.111591
-5.60784 0.101609
-4.58824 0.0996853
-3.56863 0.100901
-2.54902 0.100778
-1.52941 0.102299
-0.509804 0.102467
0.509804 0.102467
1.52941 0.102299
2.54902 0.100778
3.56863 0.100901
4.58824 0.0996853
5.60784 0.101609
6.62745 0.111591
7.64706 0.118304
8.66667 0.114088
9.68627 0.106105
10.7059 0.096508
11.7255 0.0858222
12.7451 0.0764531
13.7647 0.0661783
14.7843 0.0569746
15.8039 0.0477902
16.8235 0.0379179
17.8431 0.0303371
18.8627 0.0212472
19.8824 0.0109578
20.902 0.00393826
21.9216 0.000987442
22.9412 0.000174569
23.9608 2.18666e-05
24.9804 1.92368e-06
26 0


# t = 9
-26 0
-24.9804 2.7538e-05
-23.9608 0.000198405
-22.9412 0.00103627
-21.9216 0.00392343
-20.902 0.010644
-19.8824 0.020621
-18.8627 0.0297795
-17.8431 0.0371334
-16.8235 0.0464705
-15.8039 0.0558962
-14.7843 0.0644874
-13.7647 0.0748051
-12.7451 0.0837814
-11.7255 0.0944224
-10.7059 0.103275
-9.68627 0.112125
-8.66667 0.114366
-7.64706 0.109823
-6.62745 0.101928
-5.60784 0.0948518
-4.58824 0.0896755
-3.56863 0.085466
-2.54902 0.085728
-1.52941 0.0861605
-0.509804 0.0865085
0.509804 0.0865085
1.52941 0.0861605
2.54902 0.085728
3.56863 0.085466
4.58824 0.0896755
5.60784 0.0948518
6.62745 0.101928
7.64706 0.109823
8.66667 0.114366
9.68627 0.112125
10.7059 0.103275
11.7255 0.0944224
12.7451 0.0837814
13.7647 0.0748051
14.7843 0.0644874
15.8039 0.0558962
16.8235 0.0464705
17.8431 0.0371334
18.8627 0.0297795
19.8824 0.020621
20.902 0.010644
21.9216 0.00392343
22.9412 0.00103627
23.9608 0.000198405
24.9804 2.7538e-05
26 0


# t = 10
-26 0
-24.9804 0.000217197
-23.9608 0.00107855
-22.9412 0.00390421
-21.9216 0.0103523
-20.902 0.0200157
-19.8824 0.0291918
-18.8627 0.0364069
-17.8431 0.0451975
-16.8235 0.0547491
-15.8039 0.0629957
-14.7843 0.0729824
-13.7647 0.0820609
-12.7451 0.0919881
-11.7255 0.10116
-10.7059 0.109181
-9.68627 0.111724
-8.66667 0.108156
-7.64706 0.0984966
-6.62745 0.0933572
-5.60784 0.0901789
-4.58824 0.081392
-3.56863 0.0747209
-2.54902 0.0718424
-1.52941 0.0707346
-0.509804 0.0710112
0.509804 0.0710112
1.52941 0.0707346
2.54902 0.0718424
3.56863 0.0747209
4.58824 0.081392
5.60784 0.0901789
6.62745 0.0933572
7.64706 0.0984966
8.66667 0.108156
9.68627 0.111724
10.7059 0.109181
11.7255 0.10116
12.7451 0.0919881
13.7647 0.0820609
14.7843 0.0729824
15.8039 0.0629957
16.8235 0.0547491
17.8431 0.0451975
18.8627 0.0364069
19.8824 0.0291918
20.902 0.0200157
21.9216 0.0103523
22.9412 0.00390421
23.9608 0.00107855
24.9804 0.000217197
26 0


# t = 11
-26 0
-24.9804 0.00107585
-23.9608 0.00387612
-22.9412 0.0100787
-21.9216 0.0194329
-20.902 0.0285829
-19.8824 0.0357161
-18.8627 0.0439909
-17.8431 0.0535366
-16.8235 0.0616496
-15.8039 0.0711071
-14.7843 0.0804364
-13.7647 0.0895865
-12.7451 0.099119
-11.7255 0.106183
-10.7059 0.109616
-9.68627 0.105349
-8.66667 0.0968996
-7.64706 0.0913701
-6.62745 0.086833
-5.60784 0.0811542
-4.58824 0.0752289
-3.56863 0.0680204
-2.54902 0.0604932
-1.52941 0.0573578
-0.509804 0.0561098
0.509804 0.0561098
1.52941 0.0573578
2.54902 0.0604932
3.56863 0.0680204
4.58824 0.0752289
5.60784 0.0811542
6.62745 0.086833
7.64706 0.0913701
8.66667 0.0968996
9.68627 0.105349
10.7059 0.109616
11.7255 0.106183
12.7451 0.099119
13.7647 0.0895865
14.7843 0.0804364
15.8039 0.0711071
16.8235 0.0616496
17.8431 0.0535366
18.8627 0.0439909
19.8824 0.0357161
20.902 0.0285829
21.9216 0.0194329
22.9412 0.0100787
23.9608 0.00387612
24.9804 0.00107585
26 0


# t = 12
-26 0
-24.9804 0.00359206
-23.9608 0.00977477
-22.9412 0.0188665
-21.9216 0.0279599
-20.902 0.0350462
-19.8824 0.0428562
-18.8627 0.0522784
-17.8431 0.0603917
-16.8235 0.0692715
-15.8039 0.0787803
-14.7843 0.0873837
-13.7647 0.0969048
-12.7451 0.103565
-11.7255 0.107191
-10.7059 0.102899
-9.68627 0.0953828
-8.66667 0.0885178
-7.64706 0.0855625
-6.62745 0.0796928
-5.60784 0.0722109
-4.58824 0.0682279
-3.56863 0.0615701
-2.54902 0.0535904
-1.52941 0.0466218
-0.509804 0.0432165
0.509804 0.0432165
1.52941 0.0466218
2.54902 0.0535904
3.56863 0.0615701
4.58824 0.0682279
5.60784 0.0722109
6.62745 0.0796928
7.64706 0.0855625
8.66667 0.0885178
9.68627 0.0953828
10.7059 0.102899
11.7255 0.107191
12.7451 0.103565
13.7647 0.0969048
14.7843 0.0873837
15.8039 0.0787803
16.8235 0.0692715
17.8431 0.0603917
18.8627 0.0522784
19.8824 0.0428562
20.902 0.0350462
21.9216 0.0279599
22.9412 0.0188665
23.9608 0.00977477
24.9804 0.00359206
26 0


# t = 13
-26 0
-24.9804 0.00840028
-23.9608 0.0180532
-22.9412 0.0272782
-21.9216 0.03438
-20.902 0.0417899
-19.8824 0.0509977
-18.8627 0.0591765
-17.8431 0.067527
-16.8235 0.0770509
-15.8039 0.0853904
-14.7843 0.0945441
-13.7647 0.101262
-12.7451 0.104501
-11.7255 0.10093
-10.7059 0.0932787
-9.68627 0.0865136
-8.66667 0.0837806
-7.64706 0.0776715
-6.62745 0.0715512
-5.60784 0.0664591
-4.58824 0.0594016
-3.56863 0.0541942
-2.54902 0.0480406
-1.52941 0.0397652
-0.509804 0.0343324
0.509804 0.0343324
1.52941 0.0397652
2.54902 0.0480406
3.56863 0.0541942
4.58824 0.0594016
5.60784 0.0664591
6.62745 0.0715512
7.64706 0.0776715
8.66667 0.0837806
9.68627 0.0865136
10.7059 0.0932787
11.7255 0.10093
12.7451 0.104501
13.7647 0.101262
14.7843 0.0945441
15.8039 0.0853904
16.8235 0.0770509
17.8431 0.067527
18.8627 0.0591765
19.8824 0.0509977
20.902 0.0417899
21.9216 0.03438
22.9412 0.0272782
23.9608 0.0180532
24.9804 0.00840028
26 0


# t = 14
-26 0
-24.9804 0.0140248
-23.9608 0.0254994
-22.9412 0.0334358
-21.9216 0.0407285
-20.902 0.0497063
-19.8824 0.0579728
-18.8627 0.0658911
-17.8431 0.0752587
-16.8235 0.0835488
-15.8039 0.0921501
-14.7843 0.0990837
-13.7647 0.101826
-12.7451 0.0990444
-11.7255 0.0910886
-10.7059 0.0848942
-9.68627 0.0814044
-8.66667 0.0766168
-7.64706 0.0700137
-6.62745 0.0645749
-5.60784 0.0594761
-4.58824 0.0524248
-3.56863 0.0463494
-2.54902 0.0410533
-1.52941 0.0359058
-0.509804 0.03109
0.509804 0.03109
1.52941 0.0359058
2.54902 0.0410533
3.56863 0.0463494
4.58824 0.0524248
5.60784 0.0594761
6.62745 0.0645749
7.64706 0.0700137
8.66667 0.0766168
9.68627 0.0814044
10.7059 0.0848942
11.7255 0.0910886
12.7451 0.0990444
13.7647 0.101826
14.7843 0.0990837
15.8039 0.0921501
16.8235 0.0835488
17.8431 0.0752587
18.8627 0.0658911
19.8824 0.0579728
20.902 0.0497063
21.9216 0.0407285
22.9412 0.0334358
23.9608 0.0254994
24.9804 0.0140248
26 0


# t = 15
-26 0
-24.9804 0.0169509
-23.9608 0.0293266
-22.9412 0.0386184
-21.9216 0.0481323
-20.902 0.0567019
-19.8824 0.0643493
-18.8627 0.0734351
-17.8431 0.0817894
-16.8235 0.0898227
-15.8039 0.0968952
-14.7843 0.0993345
-13.7647 0.0970121
-12.7451 0.0891591
-11.7255 0.0830981
-10.7059 0.0792853
-9.68627 0.0754836
-8.66667 0.0682325
-7.64706 0.0636459
-6.62745 0.058187
-5.60784 0.0512361
-4.58824 0.0465608
-3.56863 0.0396344
-2.54902 0.0346086
-1.52941 0.0328333
-0.509804 0.032483
0.509804 0.032483
1.52941 0.0328333
2.54902 0.0346086
3.56863 0.0396344
4.58824 0.0465608
5.60784 0.0512361
6.62745 0.058187
7.64706 0.0636459
8.66667 0.0682325
9.68627 0.0754836
10.7059 0.0792853
11.7255 0.0830981
12.7451 0.0891591
13.7647 0.0970121
14.7843 0.0993345
15.8039 0.0968952
16.8235 0.0898227
17.8431 0.0817894
18.8627 0.0734351
19.8824 0.0643493
20.902 0.0567019
21.9216 0.0481323
22.9412 0.0386184
23.9608 0.0293266
24.9804 0.0169509
26 0


# t = 16
-26 0
-24.9804 0.0155937
-23.9608 0.0300329
-22.9412 0.0434849
-21.9216 0.0543123
-20.902 0.0625876
-19.8824 0.0715483
-18.8627 0.0800455
-17.8431 0.087615
-16.8235 0.0946485
-15.8039 0.0970522
-14.7843 0.0948307
-13.7647 0.0874804
-12.7451 0.0811024
-11.7255 0.0775539
-10.7059 0.0738879
-9.68627 0.0670473
-8.66667 0.0622903
-7.64706 0.0569135
-6.62745 0.0509154
-5.60784 0.0451317
-4.58824 0.0393057
-3.56863 0.0349527
-2.54902 0.0314935
-1.52941 0.0313667
-0.509804 0.0342204
0.509804 0.0342204
1.52941 0.0313667
2.54902 0.0314935
3.56863 0.0349527
4.58824 0.0393057
5.60784 0.0451317
6.62745 0.0509154
7.64706 0.0569135
8.66667 0.0622903
9.68627 0.0670473
10.7059 0.0738879
11.7255 0.0775539
12.7451 0.0811024
13.7647 0.0874804
14.7843 0.0948307
15.8039 0.0970522
16.8235 0.0946485
17.8431 0.087615
18.8627 0.0800455
19.8824 0.0715483
20.902 0.0625876
21.9216 0.0543123
22.9412 0.0434849
23.9608 0.0300329
24.9804 0.0155937
26 0


# t = 17
-26 0
-24.9804 0.013246
-23.9608 0.0296167
-22.9412 0.0456262
-21.9216 0.0578648
-20.902 0.0685853
-19.8824 0.0779769
-18.8627 0.0854669
-17.8431 0.0923433
-16.8235 0.0949202
-15.8039 0.0926023
-14.7843 0.0858974
-13.7647 0.0791142
-12.7451 0.0759374
-11.7255 0.0721605
-10.7059 0.0661418
-9.68627 0.0605875
-8.66667 0.0561983
-7.64706 0.0499522
-6.62745 0.0441463
-5.60784 0.0393977
-4.58824 0.0337325
-3.56863 0.0315735
-2.54902 0.0316485
-1.52941 0.0325731
-0.509804 0.0334185
0.509804 0.0334185
1.52941 0.0325731
2.54902 0.0316485
3.56863 0.0315735
4.58824 0.0337325
5.60784 0.0393977
6.62745 0.0441463
7.64706 0.0499522
8.66667 0.0561983
9.68627 0.0605875
10.7059 0.0661418
11.7255 0.0721605
12.7451 0.0759374
13.7647 0.0791142
14.7843 0.0858974
15.8039 0.0926023
16.8235 0.0949202
17.8431 0.0923433
18.8627 0.0854669
19.8824 0.0779769
20.902 0.0685853
21.9216 0.0578648
22.9412 0.0456262
23.9608 0.0296167
24.9804 0.013246
26 0


# t = 18
-26 0
-24.9804 0.0136867
-23.9608 0.0288691
-22.9412 0.0442919
-21.9216 0.0596138
-20.902 0.072927
-19.8824 0.0823266
-18.8627 0.0897038
-17.8431 0.0927856
-16.8235 0.0904138
-15.8039 0.0842775
-14.7843 0.0772889
-13.7647 0.0742292
-12.7451 0.0705952
-11.7255 0.0650913
-10.7059 0.0591114
-9.68627 0.0553645
-8.66667 0.0489058
-7.64706 0.0436643
-6.62745 0.0385936
-5.60784 0.0334415
-4.58824 0.0315409
-3.56863 0.0305602
-2.54902 0.0326632
-1.52941 0.033652
-0.509804 0.0318693
0.509804 0.0318693
1.52941 0.033652
2.54902 0.0326632
3.56863 0.0305602
4.58824 0.0315409
5.60784 0.0334415
6.62745 0.0385936
7.64706 0.0436643
8.66667 0.0489058
9.68627 0.0553645
10.7059 0.0591114
11.7255 0.0650913
12.7451 0.0705952
13.7647 0.0742292
14.7843 0.0772889
15.8039 0.0842775
16.8235 0.0904138
17.8431 0.0927856
18.8627 0.0897038
19.8824 0.0823266
20.902 0.072927
21.9216 0.0596138
22.9412 0.0442919
23.9608 0.0288691
24.9804 0.0136867
26 0


# t = 19
-26 0
-24.9804 0.0154107
-23.9608 0.0284529
-22.9412 0.042826
-21.9216 0.059293
-20.902 0.0734269
-19.8824 0.0842041
-18.8627 0.0895595
-17.8431 0.0879986
-16.8235 0.0824889
-15.8039 0.0756389
-14.7843 0.0724049
-13.7647 0.0692187
-12.7451 0.0638383
-11.7255 0.0579832
-10.7059 0.0541549
-9.68627 0.0482761
-8.66667 0.0428644
-7.64706 0.0379052
-6.62745 0.0334588
-5.60784 0.0306362
-4.58824 0.0306468
-3.56863 0.0322445
-2.54902 0.0326863
-1.52941 0.032329
-0.509804 0.0318723
0.509804 0.0318723
1.52941 0.032329
2.54902 0.0326863
3.56863 0.0322445
4.58824 0.0306468
5.60784 0.0306362
6.62745 0.0334588
7.64706 0.0379052
8.66667 0.0428644
9.68627 0.0482761
10.7059 0.0541549
11.7255 0.0579832
12.7451 0.0638383
13.7647 0.0692187
14.7843 0.0724049
15.8039 0.0756389
16.8235 0.0824889
17.8431 0.0879986
18.8627 0.0895595
19.8824 0.0842041
20.902 0.0734269
21.9216 0.059293
22.9412 0.042826
23.9608 0.0284529
24.9804 0.0154107
26 0


# t = 20
-26 0
-24.9804 0.01509
-23.9608 0.0291879
-22.9412 0.0431759
-21.9216 0.0568968
-20.902 0.0705223
-19.8824 0.0806705
-18.8627 0.0828713
-17.8431 0.0795261
-16.8235 0.0737785
-15.8039 0.0704649
-14.7843 0.0678922
-13.7647 0.0625365
-12.7451 0.0569952
-11.7255 0.0528164
-10.7059 0.0478305
-9.68627 0.0418407
-8.66667 0.0375728
-7.64706 0.0330025
-6.62745 0.0301871
-5.60784 0.0306138
-4.58824 0.0312706
-3.56863 0.0328979
-2.54902 0.0319406
-1.52941 0.0309643
-0.509804 0.0322914
0.509804 0.0322914
1.52941 0.0309643
2.54902 0.0319406
3.56863 0.0328979
4.58824 0.0312706
5.60784 0.0306138
6.62745 0.0301871
7.64706 0.0330025
8.66667 0.0375728
9.68627 0.0418407
10.7059 0.0478305
11.7255 0.0528164
12.7451 0.0569952
13.7647 0.0625365
14.7843 0.0678922
15.8039 0.0704649
16.8235 0.0737785
17.8431 0.0795261
18.8627 0.0828713
19.8824 0.0806705
20.902 0.0705223
21.9216 0.0568968
22.9412 0.0431759
23.9608 0.0291879
24.9804 0.01509
26 0


# t = 21
-26 0
-24.9804 0.0139226
-23.9608 0.0297131
-22.9412 0.0432654
-21.9216 0.0543026
-20.902 0.0642593
-19.8824 0.0698928
-18.8627 0.0710831
-17.8431 0.0692054
-16.8235 0.0674936
-15.8039 0.0661635
-14.7843 0.0612366
-13.7647 0.0559354
-12.7451 0.051603
-11.7255 0.0472309
-10.7059 0.0410097
-9.68627 0.0371265
-8.66667 0.032499
-7.64706 0.0300393
-6.62745 0.0299973
-5.60784 0.0310543
-4.58824 0.0325535
-3.56863 0.0313493
-2.54902 0.0311977
-1.52941 0.0315695
-0.509804 0.0316062
0.509804 0.0316062
1.52941 0.0315695
2.54902 0.0311977
3.56863 0.0313493
4.58824 0.0325535
5.60784 0.0310543
6.62745 0.0299973
7.64706 0.0300393
8.66667 0.032499
9.68627 0.0371265
10.7059 0.0410097
11.7255 0.0472309
12.7451 0.051603
13.7647 0.0559354
14.7843 0.0612366
15.8039 0.0661635
16.8235 0.0674936
17.8431 0.0692054
18.8627 0.0710831
19.8824 0.0698928
20.902 0.0642593
21.9216 0.0543026
22.9412 0.0432654
23.9608 0.0297131
24.9804 0.0139226
26 0


# t = 22
-26 0
-24.9804 0.014284
-23.9608 0.0282414
-22.9412 0.0409737
-21.9216 0.0504771
-20.902 0.0542315
-19.8824 0.055353
-18.8627 0.0569634
-17.8431 0.0593695
-16.8235 0.0616338
-15.8039 0.0589728
-14.7843 0.0544225
-13.7647 0.05047
-12.7451 0.0463878
-11.7255 0.0404701
-10.7059 0.0363802
-9.68627 0.0322847
-8.66667 0.02965
-7.64706 0.0295118
-6.62745 0.0309434
-5.60784 0.0317542
-4.58824 0.0315348
-3.56863 0.0306487
-2.54902 0.0309877
-1.52941 0.0318863
-0.509804 0.0308999
0.509804 0.0308999
1.52941 0.0318863
2.54902 0.0309877
3.56863 0.0306487
4.58824 0.0315348
5.60784 0.0317542
6.62745 0.0309434
7.64706 0.0295118
8.66667 0.02965
9.68627 0.0322847
10.7059 0.0363802
11.7255 0.0404701
12.7451 0.0463878
13.7647 0.05047
14.7843 0.0544225
15.8039 0.0589728
16.8235 0.0616338
17.8431 0.0593695
18.8627 0.0569634
19.8824 0.055353
20.902 0.0542315
21.9216 0.0504771
22.9412 0.0409737
23.9608 0.0282414
24.9804 0.014284
26 0


# t = 23
-26 0
-24.9804 0.0142693
-23.9608 0.0255636
-22.9412 0.0355744
-21.9216 0.0415157
-20.902 0.0420992
-19.8824 0.041838
-18.8627 0.0442489
-17.8431 0.0496389
-16.8235 0.0516883
-15.8039 0.0502372
-14.7843 0.0483342
-13.7647 0.0450853
-12.7451 0.039953
-11.7255 0.0355044
-10.7059 0.0321799
-9.68627 0.0290975
-8.66667 0.0292843
-7.64706 0.0304816
-6.62745 0.031341
-5.60784 0.0314505
-4.58824 0.0300036
-3.56863 0.0310327
-2.54902 0.0312295
-1.52941 0.0306583
-0.509804 0.0310231
0.509804 0.0310231
1.52941 0.0306583
2.54902 0.0312295
3.56863 0.0310327
4.58824 0.0300036
5.60784 0.0314505
6.62745 0.031341
7.64706 0.0304816
8.66667 0.0292843
9.68627 0.0290975
10.7059 0.0321799
11.7255 0.0355044
12.7451 0.039953
13.7647 0.0450853
14.7843 0.0483342
15.8039 0.0502372
16.8235 0.0516883
17.8431 0.0496389
18.8627 0.0442489
19.8824 0.041838
20.902 0.0420992
21.9216 0.0415157
22.9412 0.0355744
23.9608 0.0255636
24.9804 0.0142693
26 0


# t = 24
-26 0
-24.9804 0.0116091
-23.9608 0.0214707
-22.9412 0.0265166
-21.9216 0.0280685
-20.902 0.0296695
-19.8824 0.0314283
-18.8627 0.0346898
-17.8431 0.0374748
-16.8235 0.0389776
-15.8039 0.0412402
-14.7843 0.0412396
-13.7647 0.0383007
-12.7451 0.0343782
-11.7255 0.0318114
-10.7059 0.0286705
-9.68627 0.0289657
-8.66667 0.0299914
-7.64706 0.0311284
-6.62745 0.0309538
-5.60784 0.0299273
-4.58824 0.0305343
-3.56863 0.0307865
-2.54902 0.0308034
-1.52941 0.0302274
-0.509804 0.0308612
0.509804 0.0308612
1.52941 0.0302274
2.54902 0.0308034
3.56863 0.0307865
4.58824 0.0305343
5.60784 0.0299273
6.62745 0.0309538
7.64706 0.0311284
8.66667 0.0299914
9.68627 0.0289657
10.7059 0.0286705
11.7255 0.0318114
12.7451 0.0343782
13.7647 0.0383007
14.7843 0.0412396
15.8039 0.0412402
16.8235 0.0389776
17.8431 0.0374748
18.8627 0.0346898
19.8824 0.0314283
20.902 0.0296695
21.9216 0.0280685
22.9412 0.0265166
23.9608 0.0214707
24.9804 0.0116091
26 0


# t = 25
-26 0
-24.9804 0.00727207
-23.9608 0.0130988
-22.9412 0.0145945
-21.9216 0.0151191
-20.902 0.0180866
-19.8824 0.0228088
-18.8627 0.0252056
-17.8431 0.0248231
-16.8235 0.0273283
-15.8039 0.0305993
-14.7843 0.0317581
-13.7647 0.0309039
-12.7451 0.0301505
-11.7255 0.028105
-10.7059 0.0283077
-9.68627 0.0296922
-8.66667 0.0307232
-7.64706 0.0305658
-6.62745 0.029871
-5.60784 0.0298128
-4.58824 0.0308202
-3.56863 0.0302903
-2.54902 0.0299479
-1.52941 0.0307846
-0.509804 0.0301967
0.509804 0.0301967
1.52941 0.0307846
2.54902 0.0299479
3.56863 0.0302903
4.58824 0.0308202
5.60784 0.0298128
6.62745 0.029871
7.64706 0.0305658
8.66667 0.0307232
9.68627 0.0296922
10.7059 0.0283077
11.7255 0.028105
12.7451 0.0301505
13.7647 0.0309039
14.7843 0.0317581
15.8039 0.0305993
16.8235 0.0273283
17.8431 0.0248231
18.8627 0.0252056
19.8824 0.0228088
20.902 0.0180866
21.9216 0.0151191
22.9412 0.0145945
23.9608 0.0130988
24.9804 0.00727207
26 0


# t = 26
-26 0
-24.9804 0.00163185
-23.9608 0.00125374
-22.9412 0.00230553
-21.9216 0.00496509
-20.902 0.00859642
-19.8824 0.0125452
-18.8627 0.0138277
-17.8431 0.0151608
-16.8235 0.0169632
-15.8039 0.0185841
-14.7843 0.0208828
-13.7647 0.0237527
-12.7451 0.0251639
-11.7255 0.0265139
-10.7059 0.0291005
-9.68627 0.0300776
-8.66667 0.0303381
-7.64706 0.029533
-6.62745 0.0294237
-5.60784 0.0305668
-4.58824 0.0298444
-3.56863 0.029958
-2.54902 0.0300743
-1.52941 0.030196
-0.509804 0.0300197
0.509804 0.0300197
1.52941 0.030196
2.54902 0.0300743
3.56863 0.029958
4.58824 0.0298444
5.60784 0.0305668
6.62745 0.0294237
7.64706 0.029533
8.66667 0.0303381
9.68627 0.0300776
10.7059 0.0291005
11.7255 0.0265139
12.7451 0.0251639
13.7647 0.0237527
14.7843 0.0208828
15.8039 0.0185841
16.8235 0.0169632
17.8431 0.0151608
18.8627 0.0138277
19.8824 0.0125452
20.902 0.00859642
21.9216 0.00496509
22.9412 0.00230553
23.9608 0.00125374
24.9804 0.00163185
26 0


# t = 27
-26 0
-24.9804 -0.0053741
-23.9608 -0.00879833
-22.9412 -0.00783991
-21.9216 -0.00372911
-20.902 -0.000257348
-19.8824 0.000511695
-18.8627 0.00291793
-17.8431 0.00637216
-16.8235 0.00702504
-15.8039 0.00777108
-14.7843 0.0109883
-13.7647 0.0157284
-12.7451 0.0203568
-11.7255 0.0259636
-10.7059 0.0284984
-9.68627 0.0296588
-8.66667 0.0290516
-7.64706 0.0291631
-6.62745 0.0300055
-5.60784 0.0298051
-4.58824 0.0295213
-3.56863 0.029697
-2.54902 0.0301806
-1.52941 0.0293909
-0.509804 0.029996
0.509804 0.029996
1.52941 0.0293909
2.54902 0.0301806
3.56863 0.029697
4.58824 0.0295213
5.60784 0.0298051
6.62745 0.0300055
7.64706 0.0291631
8.66667 0.0290516
9.68627 0.0296588
10.7059 0.0284984
11.7255 0.0259636
12.7451 0.0203568
13.7647 0.0157284
14.7843 0.0109883
15.8039 0.00777108
16.8235 0.00702504
17.8431 0.00637216
18.8627 0.00291793
19.8824 0.000511695
20.902 -0.000257348
21.9216 -0.00372911
22.9412 -0.00783991
23.9608 -0.00879833
24.9804 -0.0053741
26 0


# t = 28
-26 0
-24.9804 -0.0100785
-23.9608 -0.0142552
-22.9412 -0.0145315
-21.9216 -0.0125171
-20.902 -0.0109427
-19.8824 -0.00961896
-18.8627 -0.00662203
-17.8431 -0.00432742
-16.8235 -0.00236272
-15.8039 -0.000275645
-14.7843 0.00304328
-13.7647 0.00816025
-12.7451 0.0164319
-11.7255 0.0227661
-10.7059 0.026438
-9.68627 0.0276952
-8.66667 0.0283837
-7.64706 0.0294216
-6.62745 0.0296996
-5.60784 0.0289727
-4.58824 0.0296245
-3.56863 0.0296636
-2.54902 0.0292898
-1.52941 0.0297111
-0.509804 0.0295008
0.509804 0.0295008
1.52941 0.0297111
2.54902 0.0292898
3.56863 0.0296636
4.58824 0.0296245
5.60784 0.0289727
6.62745 0.0296996
7.64706 0.0294216
8.66667 0.0283837
9.68627 0.0276952
10.7059 0.026438
11.7255 0.0227661
12.7451 0.0164319
13.7647 0.00816025
14.7843 0.00304328
15.8039 -0.000275645
16.8235 -0.00236272
17.8431 -0.00432742
18.8627 -0.00662203
19.8824 -0.00961896
20.902 -0.0109427
21.9216 -0.0125171
22.9412 -0.0145315
23.9608 -0.0142552
24.9804 -0.0100785
26 0


# t = 29
-26 0
-24.9804 -0.0092165
-23.9608 -0.0155665
-22.9412 -0.0187007
-21.9216 -0.0211232
-20.902 -0.0212396
-19.8824 -0.0178658
-18.8627 -0.0162128
-17.8431 -0.0148195
-16.8235 -0.011125
-15.8039 -0.00674257
-14.7843 -0.00268447
-13.7647 0.003678
-12.7451 0.0110605
-11.7255 0.0171583
-10.7059 0.0221947
-9.68627 0.025209
-8.66667 0.027967
-7.64706 0.028971
-6.62745 0.0285807
-5.60784 0.0292695
-4.58824 0.0292546
-3.56863 0.0292872
-2.54902 0.0290635
-1.52941 0.0295336
-0.509804 0.0291852
0.509804 0.0291852
1.52941 0.0295336
2.54902 0.0290635
3.56863 0.0292872
4.58824 0.0292546
5.60784 0.0292695
6.62745 0.0285807
7.64706 0.028971
8.66667 0.027967
9.68627 0.025209
10.7059 0.0221947
11.7255 0.0171583
12.7451 0.0110605
13.7647 0.003678
14.7843 -0.00268447
15.8039 -0.00674257
16.8235 -0.011125
17.8431 -0.0148195
18.8627 -0.0162128
19.8824 -0.0178658
20.902 -0.0212396
21.9216 -0.0211232
22.9412 -0.0187007
23.9608 -0.0155665
24.9804 -0.0092165
26 0


# t = 30
-26 0
-24.9804 -0.00572374
-23.9608 -0.0138158
-22.9412 -0.021705
-21.9216 -0.0270527
-20.902 -0.0279812
-19.8824 -0.0269877
-18.8627 -0.0255178
-17.8431 -0.022782
-16.8235 -0.0187378
-15.8039 -0.0129829
-14.7843 -0.00609841
-13.7647 0.000360586
-12.7451 0.0048437
-11.7255 0.0107053
-10.7059 0.0163344
-9.68627 0.0223886
-8.66667 0.0259549
-7.64706 0.0272979
-6.62745 0.0283166
-5.60784 0.0290151
-4.58824 0.0288838
-3.56863 0.0287546
-2.54902 0.0293796
-1.52941 0.028724
-0.509804 0.0291563
0.509804 0.0291563
1.52941 0.028724
2.54902 0.0293796
3.56863 0.0287546
4.58824 0.0288838
5.60784 0.0290151
6.62745 0.0283166
7.64706 0.0272979
8.66667 0.0259549
9.68627 0.0223886
10.7059 0.0163344
11.7255 0.0107053
12.7451 0.0048437
13.7647 0.000360586
14.7843 -0.00609841
15.8039 -0.0129829
16.8235 -0.0187378
17.8431 -0.022782
18.8627 -0.0255178
19.8824 -0.0269877
20.902 -0.0279812
21.9216 -0.0270527
22.9412 -0.021705
23.9608 -0.0138158
24.9804 -0.00572374
26 0


# t = 31
-26 0
-24.9804 -0.00443343
-23.9608 -0.0119658
-22.9412 -0.0220801
-21.9216 -0.028599
-20.902 -0.0324262
-19.8824 -0.035049
-18.8627 -0.03316
-17.8431 -0.0290367
-16.8235 -0.0243468
-15.8039 -0.0178605
-14.7843 -0.00976369
-13.7647 -0.00443767
-12.7451 -1.52687e-05
-11.7255 0.00448314
-10.7059 0.01096
-9.68627 0.0174493
-8.66667 0.0219487
-7.64706 0.0252687
-6.62745 0.0277172
-5.60784 0.0280377
-4.58824 0.0285284
-3.56863 0.0288189
-2.54902 0.0286907
-1.52941 0.0287856
-0.509804 0.028797
0.509804 0.028797
1.52941 0.0287856
2.54902 0.0286907
3.56863 0.0288189
4.58824 0.0285284
5.60784 0.0280377
6.62745 0.0277172
7.64706 0.0252687
8.66667 0.0219487
9.68627 0.0174493
10.7059 0.01096
11.7255 0.00448314
12.7451 -1.52687e-05
13.7647 -0.00443767
14.7843 -0.00976369
15.8039 -0.0178605
16.8235 -0.0243468
17.8431 -0.0290367
18.8627 -0.03316
19.8824 -0.035049
20.902 -0.0324262
21.9216 -0.028599
22.9412 -0.0220801
23.9608 -0.0119658
24.9804 -0.00443343
26 0


# t = 32
-26 0
-24.9804 -0.00604101
-23.9608 -0.012403
-22.9412 -0.0193287
-21.9216 -0.0274474
-20.902 -0.0351627
-19.8824 -0.038606
-18.8627 -0.0381805
-17.8431 -0.034242
-16.8235 -0.0279935
-15.8039 -0.0211691
-14.7843 -0.0155936
-13.7647 -0.00994681
-12.7451 -0.00450159
-11.7255 0.000280177
-10.7059 0.00586095
-9.68627 0.0109647
-8.66667 0.0169443
-7.64706 0.0223813
-6.62745 0.0252682
-5.60784 0.0271099
-4.58824 0.0280023
-3.56863 0.0285204
-2.54902 0.0281969
-1.52941 0.0287853
-0.509804 0.0284396
0.509804 0.0284396
1.52941 0.0287853
2.54902 0.0281969
3.56863 0.0285204
4.58824 0.0280023
5.60784 0.0271099
6.62745 0.0252682
7.64706 0.0223813
8.66667 0.0169443
9.68627 0.0109647
10.7059 0.00586095
11.7255 0.000280177
12.7451 -0.00450159
13.7647 -0.00994681
14.7843 -0.0155936
15.8039 -0.0211691
16.8235 -0.0279935
17.8431 -0.034242
18.8627 -0.0381805
19.8824 -0.038606
20.902 -0.0351627
21.9216 -0.0274474
22.9412 -0.0193287
23.9608 -0.012403
24.9804 -0.00604101
26 0


# t = 33
-26 0
-24.9804 -0.0078813
-23.9608 -0.0133995
-22.9412 -0.0177522
-21.9216 -0.0258123
-20.902 -0.0338124
-19.8824 -0.0381639
-18.8627 -0.039537
-17.8431 -0.0369423
-16.8235 -0.0308971
-15.8039 -0.0253511
-14.7843 -0.0211648
-13.7647 -0.0153948
-12.7451 -0.00930129
-11.7255 -0.00309741
-10.7059 0.000706897
-9.68627 0.00549196
-8.66667 0.0116144
-7.64706 0.0173378
-6.62745 0.0218199
-5.60784 0.0253205
-4.58824 0.0270674
-3.56863 0.0275443
-2.54902 0.028403
-1.52941 0.028058
-0.509804 0.0283613
0.509804 0.0283613
1.52941 0.028058
2.54902 0.028403
3.56863 0.0275443
4.58824 0.0270674
5.60784 0.0253205
6.62745 0.0218199
7.64706 0.0173378
8.66667 0.0116144
9.68627 0.00549196
10.7059 0.000706897
11.7255 -0.00309741
12.7451 -0.00930129
13.7647 -0.0153948
14.7843 -0.0211648
15.8039 -0.0253511
16.8235 -0.0308971
17.8431 -0.0369423
18.8627 -0.039537
19.8824 -0.0381639
20.902 -0.0338124
21.9216 -0.0258123
22.9412 -0.0177522
23.9608 -0.0133995
24.9804 -0.0078813
26 0


# t = 34
-26 0
-24.9804 -0.00751968
-23.9608 -0.0134255
-22.9412 -0.0193745
-21.9216 -0.0242098
-20.902 -0.029192
-19.8824 -0.0346987
-18.8627 -0.0370025
-17.8431 -0.0363164
-16.8235 -0.0339572
-15.8039 -0.0304316
-14.7843 -0.0251597
-13.7647 -0.0201889
-12.7451 -0.0138986
-11.7255 -0.00830966
-10.7059 -0.00341315
-9.68627 0.00147926
-8.66667 0.00620948
-7.64706 0.0113864
-6.62745 0.017508
-5.60784 0.0219662
-4.58824 0.0249975
-3.56863 0.0267911
-2.54902 0.0276252
-1.52941 0.0278316
-0.509804 0.0280468
0.509804 0.0280468
1.52941 0.0278316
2.54902 0.0276252
3.56863 0.0267911
4.58824 0.0249975
5.60784 0.0219662
6.62745 0.017508
7.64706 0.0113864
8.66667 0.00620948
9.68627 0.00147926
10.7059 -0.00341315
11.7255 -0.00830966
12.7451 -0.0138986
13.7647 -0.0201889
14.7843 -0.0251597
15.8039 -0.0304316
16.8235 -0.0339572
17.8431 -0.0363164
18.8627 -0.0370025
19.8824 -0.0346987
20.902 -0.029192
21.9216 -0.0242098
22.9412 -0.0193745
23.9608 -0.0134255
24.9804 -0.00751968
26 0


# t = 35
-26 0
-24.9804 -0.00578668
-23.9608 -0.0133171
-22.9412 -0.0199681
-21.9216 -0.0227763
-20.902 -0.0250612
-19.8824 -0.028488
-18.8627 -0.0317096
-17.8431 -0.0340186
-16.8235 -0.0356464
-15.8039 -0.033701
-14.7843 -0.0290254
-13.7647 -0.0236709
-12.7451 -0.0188347
-11.7255 -0.0139059
-10.7059 -0.00738672
-9.68627 -0.00244754
-8.66667 0.00150562
-7.64706 0.00646766
-6.62745 0.0119441
-5.60784 0.0173656
-4.58824 0.0218131
-3.56863 0.0251309
-2.54902 0.026285
-1.52941 0.0275713
-0.509804 0.0275493
0.509804 0.0275493
1.52941 0.0275713
2.54902 0.026285
3.56863 0.0251309
4.58824 0.0218131
5.60784 0.0173656
6.62745 0.0119441
7.64706 0.00646766
8.66667 0.00150562
9.68627 -0.00244754
10.7059 -0.00738672
11.7255 -0.0139059
12.7451 -0.0188347
13.7647 -0.0236709
14.7843 -0.0290254
15.8039 -0.033701
16.8235 -0.0356464
17.8431 -0.0340186
18.8627 -0.0317096
19.8824 -0.028488
20.902 -0.0250612
21.9216 -0.0227763
22.9412 -0.0199681
23.9608 -0.0133171
24.9804 -0.00578668
26 0


# t = 36
-26 0
-24.9804 -0.00558823
-23.9608 -0.0123243
-22.9412 -0.0171302
-21.9216 -0.0207934
-20.902 -0.0220737
-19.8824 -0.0224213
-18.8627 -0.0258355
-17.8431 -0.0309664
-16.8235 -0.0339571
-15.8039 -0.0341885
-14.7843 -0.0319764
-13.7647 -0.0273797
-12.7451 -0.0233801
-11.7255 -0.017947
-10.7059 -0.012489
-9.68627 -0.00706659
-8.66667 -0.00212531
-7.64706 0.0022951
-6.62745 0.00657874
-5.60784 0.0120781
-4.58824 0.0176154
-3.56863 0.0216241
-2.54902 0.024908
-1.52941 0.026205
-0.509804 0.0270149
0.509804 0.0270149
1.52941 0.026205
2.54902 0.024908
3.56863 0.0216241
4.58824 0.0176154
5.60784 0.0120781
6.62745 0.00657874
7.64706 0.0022951
8.66667 -0.00212531
9.68627 -0.00706659
10.7059 -0.012489
11.7255 -0.017947
12.7451 -0.0233801
13.7647 -0.0273797
14.7843 -0.0319764
15.8039 -0.0341885
16.8235 -0.0339571
17.8431 -0.0309664
18.8627 -0.0258355
19.8824 -0.0224213
20.902 -0.0220737
21.9216 -0.0207934
22.9412 -0.0171302
23.9608 -0.0123243
24.9804 -0.00558823
26 0


# t = 37
-26 0
-24.9804 -0.00626898
-23.9608 -0.00971615
-22.9412 -0.0131773
-21.9216 -0.0167235
-20.902 -0.018472
-19.8824 -0.0193481
-18.8627 -0.02179
-17.8431 -0.0261539
-16.8235 -0.0296848
-15.8039 -0.0322229
-14.7843 -0.0326096
-13.7647 -0.0311818
-12.7451 -0.0265005
-11.7255 -0.0216798
-10.7059 -0.0173986
-9.68627 -0.0119074
-8.66667 -0.00606483
-7.64706 -0.00174598
-6.62745 0.00252065
-5.60784 0.00706489
-4.58824 0.0122636
-3.56863 0.0174456
-2.54902 0.0218096
-1.52941 0.0243113
-0.509804 0.0257273
0.509804 0.0257273
1.52941 0.0243113
2.54902 0.0218096
3.56863 0.0174456
4.58824 0.0122636
5.60784 0.00706489
6.62745 0.00252065
7.64706 -0.00174598
8.66667 -0.00606483
9.68627 -0.0119074
10.7059 -0.0173986
11.7255 -0.0216798
12.7451 -0.0265005
13.7647 -0.0311818
14.7843 -0.0326096
15.8039 -0.0322229
16.8235 -0.0296848
17.8431 -0.0261539
18.8627 -0.02179
19.8824 -0.0193481
20.902 -0.018472
21.9216 -0.0167235
22.9412 -0.0131773
23.9608 -0.00971615
24.9804 -0.00626898
26 0


# t = 38
-26 0
-24.9804 -0.00448318
-23.9608 -0.00707775
-22.9412 -0.00938138
-21.9216 -0.0112548
-20.902 -0.0142812
-19.8824 -0.0178427
-18.8627 -0.0196477
-17.8431 -0.0209186
-16.8235 -0.0245806
-15.8039 -0.0283233
-14.7843 -0.0313088
-13.7647 -0.0318679
-12.7451 -0.029177
-11.7255 -0.0256093
-10.7059 -0.0210339
-9.68627 -0.0162257
-8.66667 -0.0111053
-7.64706 -0.00571046
-6.62745 -0.00105999
-5.60784 0.00288001
-4.58824 0.00715143
-3.56863 0.0126504
-2.54902 0.017139
-1.52941 0.0213698
-0.509804 0.0231256
0.509804 0.0231256
1.52941 0.0213698
2.54902 0.017139
3.56863 0.0126504
4.58824 0.00715143
5.60784 0.00288001
6.62745 -0.00105999
7.64706 -0.00571046
8.66667 -0.0111053
9.68627 -0.0162257
10.7059 -0.0210339
11.7255 -0.0256093
12.7451 -0.029177
13.7647 -0.0318679
14.7843 -0.0313088
15.8039 -0.0283233
16.8235 -0.0245806
17.8431 -0.0209186
18.8627 -0.0196477
19.8824 -0.0178427
20.902 -0.0142812
21.9216 -0.0112548
22.9412 -0.00938138
23.9608 -0.00707775
24.9804 -0.00448318
26 0


# t = 39
-26 0
-24.9804 -0.00113844
-23.9608 -0.00417376
-22.9412 -0.00545572
-21.9216 -0.00705713
-20.902 -0.0107212
-19.8824 -0.0148967
-18.8627 -0.0171902
-17.8431 -0.0179758
-16.8235 -0.0199001
-15.8039 -0.0238165
-14.7843 -0.027729
-13.7647 -0.0295105
-12.7451 -0.030699
-11.7255 -0.0284062
-10.7059 -0.0242064
-9.68627 -0.0200299
-8.66667 -0.0156872
-7.64706 -0.0101485
-6.62745 -0.00510242
-5.60784 -0.000780077
-4.58824 0.00330803
-3.56863 0.0072811
-2.54902 0.0122588
-1.52941 0.0163131
-0.509804 0.0188735
0.509804 0.0188735
1.52941 0.0163131
2.54902 0.0122588
3.56863 0.0072811
4.58824 0.00330803
5.60784 -0.000780077
6.62745 -0.00510242
7.64706 -0.0101485
8.66667 -0.0156872
9.68627 -0.0200299
10.7059 -0.0242064
11.7255 -0.0284062
12.7451 -0.030699
13.7647 -0.0295105
14.7843 -0.027729
15.8039 -0.0238165
16.8235 -0.0199001
17.8431 -0.0179758
18.8627 -0.0171902
19.8824 -0.0148967
20.902 -0.0107212
21.9216 -0.00705713
22.9412 -0.00545572
23.9608 -0.00417376
24.9804 -0.00113844
26 0


# t = 40
-26 0
-24.9804 0.000514683
-23.9608 -3.94071e-05
-22.9412 -0.00201874
-21.9216 -0.00489766
-20.902 -0.0077894
-19.8824 -0.0104106
-18.8627 -0.013507
-17.8431 -0.0161908
-16.8235 -0.0172399
-15.8039 -0.0195202
-14.7843 -0.0224507
-13.7647 -0.0264073
-12.7451 -0.028987
-11.7255 -0.0292041
-10.7059 -0.0271128
-9.68627 -0.0234296
-8.66667 -0.0190317
-7.64706 -0.0147628
-6.62745 -0.0096149
-5.60784 -0.0045139
-4.58824 -0.000396669
-3.56863 0.00297847
-2.54902 0.00679253
-1.52941 0.0099999
-0.509804 0.0123696
0.509804 0.0123696
1.52941 0.0099999
2.54902 0.00679253
3.56863 0.00297847
4.58824 -0.000396669
5.60784 -0.0045139
6.62745 -0.0096149
7.64706 -0.0147628
8.66667 -0.0190317
9.68627 -0.0234296
10.7059 -0.0271128
11.7255 -0.0292041
12.7451 -0.028987
13.7647 -0.0264073
14.7843 -0.0224507
15.8039 -0.0195202
16.8235 -0.0172399
17.8431 -0.0161908
18.8627 -0.013507
19.8824 -0.0104106
20.902 -0.0077894
21.9216 -0.00489766
22.9412 -0.00201874
23.9608 -3.94071e-05
24.9804 0.000514683
26 0


# t = 41
-26 0
-24.9804 0.00107529
-23.9608 0.00253852
-22.9412 0.000382771
-21.9216 -0.00289519
-20.902 -0.00479956
-19.8824 -0.00651318
-18.8627 -0.0095773
-17.8431 -0.0131351
-16.8235 -0.0157114
-15.8039 -0.0161379
-14.7843 -0.0182726
-13.7647 -0.0221862
-12.7451 -0.0250915
-11.7255 -0.0277244
-10.7059 -0.0283137
-9.68627 -0.0259536
-8.66667 -0.0222227
-7.64706 -0.0184021
-6.62745 -0.0139516
-5.60784 -0.00896117
-4.58824 -0.00459255
-3.56863 -0.000817444
-2.54902 0.00104795
-1.52941 0.00308993
-0.509804 0.00394246
0.509804 0.00394246
1.52941 0.00308993
2.54902 0.00104795
3.56863 -0.000817444
4.58824 -0.00459255
5.60784 -0.00896117
6.62745 -0.0139516
7.64706 -0.0184021
8.66667 -0.0222227
9.68627 -0.0259536
10.7059 -0.0283137
11.7255 -0.0277244
12.7451 -0.0250915
13.7647 -0.0221862
14.7843 -0.0182726
15.8039 -0.0161379
16.8235 -0.0157114
17.8431 -0.0131351
18.8627 -0.0095773
19.8824 -0.00651318
20.902 -0.00479956
21.9216 -0.00289519
22.9412 0.000382771
23.9608 0.00253852
24.9804 0.00107529
26 0


# t = 42
-26 0
-24.9804 0.00171663
-23.9608 0.0018219
-22.9412 0.00155746
-21.9216 0.00013491
-20.902 -0.00179138
-19.8824 -0.00399192
-18.8627 -0.00629049
-17.8431 -0.00928024
-16.8235 -0.0124496
-15.8039 -0.0143727
-14.7843 -0.0158788
-13.7647 -0.017398
-12.7451 -0.0209627
-11.7255 -0.0243538
-10.7059 -0.0266981
-9.68627 -0.0269807
-8.66667 -0.0250538
-7.64706 -0.0212791
-6.62745 -0.017608
-5.60784 -0.0137285
-4.58824 -0.00925139
-3.56863 -0.00609912
-2.54902 -0.00445438
-1.52941 -0.00454701
-0.509804 -0.00493151
0.509804 -0.00493151
1.52941 -0.00454701
2.54902 -0.00445438
3.56863 -0.00609912
4.58824 -0.00925139
5.60784 -0.0137285
6.62745 -0.017608
7.64706 -0.0212791
8.66667 -0.0250538
9.68627 -0.0269807
10.7059 -0.0266981
11.7255 -0.0243538
12.7451 -0.0209627
13.7647 -0.017398
14.7843 -0.0158788
15.8039 -0.0143727
16.8235 -0.0124496
17.8431 -0.00928024
18.8627 -0.00629049
19.8824 -0.00399192
20.902 -0.00179138
21.9216 0.00013491
22.9412 0.00155746
23.9608 0.0018219
24.9804 0.00171663
26 0


# t = 43
-26 0
-24.9804 0.000913398
-23.9608 0.000648697
-22.9412 0.00162069
-21.9216 0.0024914
-20.902 0.000794121
-19.8824 -0.00174003
-18.8627 -0.00377946
-17.8431 -0.00573592
-16.8235 -0.00825912
-15.8039 -0.0122579
-14.7843 -0.0137163
-13.7647 -0.0146004
-12.7451 -0.0169505
-11.7255 -0.020107
-10.7059 -0.0231805
-9.68627 -0.025807
-8.66667 -0.0260197
-7.64706 -0.0239748
-6.62745 -0.0208732
-5.60784 -0.0178148
-4.58824 -0.0148797
-3.56863 -0.0126116
-2.54902 -0.011296
-1.52941 -0.0121432
-0.509804 -0.0130299
0.509804 -0.0130299
1.52941 -0.0121432
2.54902 -0.011296
3.56863 -0.0126116
4.58824 -0.0148797
5.60784 -0.0178148
6.62745 -0.0208732
7.64706 -0.0239748
8.66667 -0.0260197
9.68627 -0.025807
10.7059 -0.0231805
11.7255 -0.020107
12.7451 -0.0169505
13.7647 -0.0146004
14.7843 -0.0137163
15.8039 -0.0122579
16.8235 -0.00825912
17.8431 -0.00573592
18.8627 -0.00377946
19.8824 -0.00174003
20.902 0.000794121
21.9216 0.0024914
22.9412 0.00162069
23.9608 0.000648697
24.9804 0.000913398
26 0


# t = 44
-26 0
-24.9804 -0.000788989
-23.9608 0.000520108
-22.9412 0.00151024
-21.9216 0.00245801
-20.902 0.00240058
-19.8824 0.00078025
-18.8627 -0.00132536
-17.8431 -0.00294246
-16.8235 -0.00542489
-15.8039 -0.00811281
-14.7843 -0.0110981
-13.7647 -0.0132198
-12.7451 -0.0139184
-11.7255 -0.0160207
-10.7059 -0.019295
-9.68627 -0.0224403
-8.66667 -0.0247739
-7.64706 -0.0254877
-6.62745 -0.0239561
-5.60784 -0.0218501
-4.58824 -0.0208727
-3.56863 -0.0198009
-2.54902 -0.0197272
-1.52941 -0.0194781
-0.509804 -0.0199107
0.509804 -0.0199107
1.52941 -0.0194781
2.54902 -0.0197272
3.56863 -0.0198009
4.58824 -0.0208727
5.60784 -0.0218501
6.62745 -0.0239561
7.64706 -0.0254877
8.66667 -0.0247739
9.68627 -0.0224403
10.7059 -0.019295
11.7255 -0.0160207
12.7451 -0.0139184
13.7647 -0.0132198
14.7843 -0.0110981
15.8039 -0.00811281
16.8235 -0.00542489
17.8431 -0.00294246
18.8627 -0.00132536
19.8824 0.00078025
20.902 0.00240058
21.9216 0.00245801
22.9412 0.00151024
23.9608 0.000520108
24.9804 -0.000788989
26 0


# t = 45
-26 0
-24.9804 -0.000617658
-23.9608 0.000251241
-22.9412 0.00128595
-21.9216 0.00145895
-20.902 0.00248657
-19.8824 0.00269039
-18.8627 0.0013445
-17.8431 -0.00101558
-16.8235 -0.0029805
-15.8039 -0.0043877
-14.7843 -0.00779399
-13.7647 -0.0107137
-12.7451 -0.0122311
-11.7255 -0.0132267
-10.7059 -0.0155127
-9.68627 -0.0184305
-8.66667 -0.0220015
-7.64706 -0.0248521
-6.62745 -0.0263216
-5.60784 -0.0266178
-4.58824 -0.0266213
-3.56863 -0.0274792
-2.54902 -0.0276959
-1.52941 -0.0270009
-0.509804 -0.0260942
0.509804 -0.0260942
1.52941 -0.0270009
2.54902 -0.0276959
3.56863 -0.0274792
4.58824 -0.0266213
5.60784 -0.0266178
6.62745 -0.0263216
7.64706 -0.0248521
8.66667 -0.0220015
9.68627 -0.0184305
10.7059 -0.0155127
11.7255 -0.0132267
12.7451 -0.0122311
13.7647 -0.0107137
14.7843 -0.00779399
15.8039 -0.0043877
16.8235 -0.0029805
17.8431 -0.00101558
18.8627 0.0013445
19.8824 0.00269039
20.902 0.00248657
21.9216 0.00145895
22.9412 0.00128595
23.9608 0.000251241
24.9804 -0.000617658
26 0


# t = 46
-26 0
-24.9804 0.000837732
-23.9608 0.000177712
-22.9412 0.000393289
-21.9216 0.00114098
-20.902 0.00181435
-19.8824 0.00305472
-18.8627 0.00293563
-17.8431 0.00112845
-16.8235 -0.000276018
-15.8039 -0.00250547
-14.7843 -0.00427064
-13.7647 -0.00705878
-12.7451 -0.0101701
-11.7255 -0.0116904
-10.7059 -0.0125835
-9.68627 -0.0151764
-8.66667 -0.0186991
-7.64706 -0.0229383
-6.62745 -0.0274537
-5.60784 -0.0308777
-4.58824 -0.0327647
-3.56863 -0.0342217
-2.54902 -0.0344314
-1.52941 -0.0339693
-0.509804 -0.0327979
0.509804 -0.0327979
1.52941 -0.0339693
2.54902 -0.0344314
3.56863 -0.0342217
4.58824 -0.0327647
5.60784 -0.0308777
6.62745 -0.0274537
7.64706 -0.0229383
8.66667 -0.0186991
9.68627 -0.0151764
10.7059 -0.0125835
11.7255 -0.0116904
12.7451 -0.0101701
13.7647 -0.00705878
14.7843 -0.00427064
15.8039 -0.00250547
16.8235 -0.000276018
17.8431 0.00112845
18.8627 0.00293563
19.8824 0.00305472
20.902 0.00181435
21.9216 0.00114098
22.9412 0.000393289
23.9608 0.000177712
24.9804 0.000837732
26 0


# t = 47
-26 0
-24.9804 0.000984176
-23.9608 0.000802664
-22.9412 5.37309e-05
-21.9216 0.000843298
-20.902 0.00157474
-19.8824 0.00215845
-18.8627 0.00293242
-17.8431 0.00335689
-16.8235 0.00163757
-15.8039 -0.000431227
-14.7843 -0.00179475
-13.7647 -0.00382756
-12.7451 -0.00681963
-11.7255 -0.00969578
-10.7059 -0.011284
-9.68627 -0.013036
-8.66667 -0.0162531
-7.64706 -0.0213338
-6.62745 -0.0275097
-5.60784 -0.0335064
-4.58824 -0.0380599
-3.56863 -0.0394866
-2.54902 -0.0401327
-1.52941 -0.0400131
-0.509804 -0.0402098
0.509804 -0.0402098
1.52941 -0.0400131
2.54902 -0.0401327
3.56863 -0.0394866
4.58824 -0.0380599
5.60784 -0.0335064
6.62745 -0.0275097
7.64706 -0.0213338
8.66667 -0.0162531
9.68627 -0.013036
10.7059 -0.011284
11.7255 -0.00969578
12.7451 -0.00681963
13.7647 -0.00382756
14.7843 -0.00179475
15.8039 -0.000431227
16.8235 0.00163757
17.8431 0.00335689
18.8627 0.00293242
19.8824 0.00215845
20.902 0.00157474
21.9216 0.000843298
22.9412 5.37309e-05
23.9608 0.000802664
24.9804 0.000984176
26 0


# t = 48
-26 0
-24.9804 8.25192e-05
-23.9608 0.000930659
-22.9412 0.0010188
-21.9216 0.00059711
-20.902 0.00122781
-19.8824 0.00143947
-18.8627 0.00250583
-17.8431 0.0035826
-16.8235 0.00306535
-15.8039 0.00208523
-14.7843 -3.42366e-05
-13.7647 -0.00161782
-12.7451 -0.00351407
-11.7255 -0.00669176
-10.7059 -0.010201
-9.68627 -0.0123916
-8.66667 -0.0156952
-7.64706 -0.0208585
-6.62745 -0.0273867
-5.60784 -0.034554
-4.58824 -0.0402579
-3.56863 -0.0435749
-2.54902 -0.0448631
-1.52941 -0.0459711
-0.509804 -0.0470936
0.509804 -0.0470936
1.52941 -0.0459711
2.54902 -0.0448631
3.56863 -0.0435749
4.58824 -0.0402579
5.60784 -0.034554
6.62745 -0.0273867
7.64706 -0.0208585
8.66667 -0.0156952
9.68627 -0.0123916
10.7059 -0.010201
11.7255 -0.00669176
12.7451 -0.00351407
13.7647 -0.00161782
14.7843 -3.42366e-05
15.8039 0.00208523
16.8235 0.00306535
17.8431 0.0035826
18.8627 0.00250583
19.8824 0.00143947
20.902 0.00122781
21.9216 0.00059711
22.9412 0.0010188
23.9608 0.000930659
24.9804 8.25192e-05
26 0


# t = 49
-26 0
-24.9804 -0.00016177
-23.9608 0.000412821
-22.9412 0.00151476
-21.9216 0.00121271
-20.902 0.000655773
-19.8824 0.00146763
-18.8627 0.00206307
-17.8431 0.00239404
-16.8235 0.00385257
-15.8039 0.00349931
-14.7843 0.0020108
-13.7647 0.000166538
-12.7451 -0.00151723
-11.7255 -0.0041197
-10.7059 -0.00812447
-9.68627 -0.0127728
-8.66667 -0.0169237
-7.64706 -0.0217401
-6.62745 -0.0278148
-5.60784 -0.0341784
-4.58824 -0.0400704
-3.56863 -0.045551
-2.54902 -0.0490787
-1.52941 -0.051566
-0.509804 -0.0526001
0.509804 -0.0526001
1.52941 -0.051566
2.54902 -0.0490787
3.56863 -0.045551
4.58824 -0.0400704
5.60784 -0.0341784
6.62745 -0.0278148
7.64706 -0.0217401
8.66667 -0.0169237
9.68627 -0.0127728
10.7059 -0.00812447
11.7255 -0.0041197
12.7451 -0.00151723
13.7647 0.000166538
14.7843 0.0020108
15.8039 0.00349931
16.8235 0.00385257
17.8431 0.00239404
18.8627 0.00206307
19.8824 0.00146763
20.902 0.000655773
21.9216 0.00121271
22.9412 0.00151476
23.9608 0.000412821
24.9804 -0.00016177
26 0


# t = 50
-26 0
-24.9804 0.000274073
-23.9608 0.000333664
-22.9412 0.000792321
-21.9216 0.00157588
-20.902 0.0012631
-19.8824 0.00137676
-18.8627 0.00147101
-17.8431 0.00210692
-16.8235 0.00303777
-15.8039 0.00372894
-14.7843 0.0035871
-13.7647 0.00192156
-12.7451 -0.000488978
-11.7255 -0.00298176
-10.7059 -0.00676211
-9.68627 -0.0127879
-8.66667 -0.0187131
-7.64706 -0.0237231
-6.62745 -0.0285201
-5.60784 -0.0334069
-4.58824 -0.0393858
-3.56863 -0.0456544
-2.54902 -0.0519759
-1.52941 -0.0555016
-0.509804 -0.0567873
0.509804 -0.0567873
1.52941 -0.0555016
2.54902 -0.0519759
3.56863 -0.0456544
4.58824 -0.0393858
5.60784 -0.0334069
6.62745 -0.0285201
7.64706 -0.0237231
8.66667 -0.0187131
9.68627 -0.0127879
10.7059 -0.00676211
11.7255 -0.00298176
12.7451 -0.000488978
13.7647 0.00192156
14.7843 0.0035871
15.8039 0.00372894
16.8235 0.00303777
17.8431 0.00210692
18.8627 0.00147101
19.8824 0.00137676
20.902 0.0012631
21.9216 0.00157588
22.9412 0.000792321
23.9608 0.000333664
24.9804 0.000274073
26 0


# t = 51
-26 0
-24.9804 0.000528348
-23.9608 0.000609511
-22.9412 0.000342195
-21.9216 0.00102249
-20.902 0.00213851
-19.8824 0.00133415
-18.8627 0.00139258
-17.8431 0.00210724
-16.8235 0.00202285
-15.8039 0.00311856
-14.7843 0.00367276
-13.7647 0.002847
-12.7451 0.000290542
-11.7255 -0.00315602
-10.7059 -0.00747792
-9.68627 -0.0127986
-8.66667 -0.0196052
-7.64706 -0.0253729
-6.62745 -0.029323
-5.60784 -0.0336392
-4.58824 -0.0390564
-3.56863 -0.0456417
-2.54902 -0.052182
-1.52941 -0.0570559
-0.509804 -0.0594385
0.509804 -0.0594385
1.52941 -0.0570559
2.54902 -0.052182
3.56863 -0.0456417
4.58824 -0.0390564
5.60784 -0.0336392
6.62745 -0.029323
7.64706 -0.0253729
8.66667 -0.0196052
9.68627 -0.0127986
10.7059 -0.00747792
11.7255 -0.00315602
12.7451 0.000290542
13.7647 0.002847
14.7843 0.00367276
15.8039 0.00311856
16.8235 0.00202285
17.8431 0.00210724
18.8627 0.00139258
19.8824 0.00133415
20.902 0.00213851
21.9216 0.00102249
22.9412 0.000342195
23.9608 0.000609511
24.9804 0.000528348
26 0


# t = 52
-26 0
-24.9804 0.000362591
-23.9608 0.000602451
-22.9412 0.000737061
-21.9216 0.000811442
-20.902 0.00139552
-19.8824 0.00195879
-18.8627 0.00188801
-17.8431 0.00153314
-16.8235 0.00199208
-15.8039 0.00205877
-14.7843 0.00242196
-13.7647 0.00209214
-12.7451 0.000100981
-11.7255 -0.00419471
-10.7059 -0.00916742
-9.68627 -0.0140878
-8.66667 -0.0195365
-7.64706 -0.0253315
-6.62745 -0.0303572
-5.60784 -0.0349055
-4.58824 -0.0398168
-3.56863 -0.0455597
-2.54902 -0.0507821
-1.52941 -0.0561316
-0.509804 -0.0595991
0.509804 -0.0595991
1.52941 -0.0561316
2.54902 -0.0507821
3.56863 -0.0455597
4.58824 -0.0398168
5.60784 -0.0349055
6.62745 -0.0303572
7.64706 -0.0253315
8.66667 -0.0195365
9.68627 -0.0140878
10.7059 -0.00916742
11.7255 -0.00419471
12.7451 0.000100981
13.7647 0.00209214
14.7843 0.00242196
15.8039 0.00205877
16.8235 0.00199208
17.8431 0.00153314
18.8627 0.00188801
19.8824 0.00195879
20.902 0.00139552
21.9216 0.000811442
22.9412 0.000737061
23.9608 0.000602451
24.9804 0.000362591
26 0


# t = 53
-26 0
-24.9804 9.2585e-05
-23.9608 0.000493527
-22.9412 0.00108576
-21.9216 0.00104536
-20.902 0.000663497
-19.8824 0.00198666
-18.8627 0.00212518
-17.8431 0.00164703
-16.8235 0.00169391
-15.8039 0.00123922
-14.7843 0.000549891
-13.7647 -0.000245703
-12.7451 -0.00221303
-11.7255 -0.00590681
-10.7059 -0.0108037
-9.68627 -0.0157874
-8.66667 -0.0197549
-7.64706 -0.0246205
-6.62745 -0.0309032
-5.60784 -0.0364445
-4.58824 -0.041247
-3.56863 -0.0450927
-2.54902 -0.0494108
-1.52941 -0.053421
-0.509804 -0.0564268
0.509804 -0.0564268
1.52941 -0.053421
2.54902 -0.0494108
3.56863 -0.0450927
4.58824 -0.041247
5.60784 -0.0364445
6.62745 -0.0309032
7.64706 -0.0246205
8.66667 -0.0197549
9.68627 -0.0157874
10.7059 -0.0108037
11.7255 -0.00590681
12.7451 -0.00221303
13.7647 -0.000245703
14.7843 0.000549891
15.8039 0.00123922
16.8235 0.00169391
17.8431 0.00164703
18.8627 0.00212518
19.8824 0.00198666
20.902 0.000663497
21.9216 0.00104536
22.9412 0.00108576
23.9608 0.000493527
24.9804 9.2585e-05
26 0


# t = 54
-26 0
-24.9804 0.000113824
-23.9608 0.000534703
-22.9412 0.000862213
-21.9216 0.00104024
-20.902 0.00134283
-19.8824 0.00105942
-18.8627 0.00177754
-17.8431 0.00213825
-16.8235 0.000995999
-15.8039 0.000219765
-14.7843 -0.0014093
-13.7647 -0.00359328
-12.7451 -0.00605028
-11.7255 -0.0086854
-10.7059 -0.0124457
-9.68627 -0.0165881
-8.66667 -0.0207622
-7.64706 -0.0251766
-6.62745 -0.0308251
-5.60784 -0.0371642
-4.58824 -0.0417647
-3.56863 -0.0449772
-2.54902 -0.0478084
-1.52941 -0.0497708
-0.509804 -0.0505679
0.509804 -0.0505679
1.52941 -0.0497708
2.54902 -0.0478084
3.56863 -0.0449772
4.58824 -0.0417647
5.60784 -0.0371642
6.62745 -0.0308251
7.64706 -0.0251766
8.66667 -0.0207622
9.68627 -0.0165881
10.7059 -0.0124457
11.7255 -0.0086854
12.7451 -0.00605028
13.7647 -0.00359328
14.7843 -0.0014093
15.8039 0.000219765
16.8235 0.000995999
17.8431 0.00213825
18.8627 0.00177754
19.8824 0.00105942
20.902 0.00134283
21.9216 0.00104024
22.9412 0.000862213
23.9608 0.000534703
24.9804 0.000113824
26 0


# t = 55
-26 0
-24.9804 0.000393014
-23.9608 0.000503164
-22.9412 0.000522726
-21.9216 0.00109684
-20.902 0.00155358
-19.8824 0.000982814
-18.8627 0.00110746
-17.8431 0.00130945
-16.8235 0.000500997
-15.8039 -0.00149672
-14.7843 -0.00382073
-13.7647 -0.00705686
-12.7451 -0.00993909
-11.7255 -0.0123323
-10.7059 -0.0144085
-9.68627 -0.0174155
-8.66667 -0.0220061
-7.64706 -0.0268279
-6.62745 -0.0313149
-5.60784 -0.0363053
-4.58824 -0.0409272
-3.56863 -0.0443975
-2.54902 -0.0454391
-1.52941 -0.0451916
-0.509804 -0.0441882
0.509804 -0.0441882
1.52941 -0.0451916
2.54902 -0.0454391
3.56863 -0.0443975
4.58824 -0.0409272
5.60784 -0.0363053
6.62745 -0.0313149
7.64706 -0.0268279
8.66667 -0.0220061
9.68627 -0.0174155
10.7059 -0.0144085
11.7255 -0.0123323
12.7451 -0.00993909
13.7647 -0.00705686
14.7843 -0.00382073
15.8039 -0.00149672
16.8235 0.000500997
17.8431 0.00130945
18.8627 0.00110746
19.8824 0.000982814
20.902 0.00155358
21.9216 0.00109684
22.9412 0.000522726
23.9608 0.000503164
24.9804 0.000393014
26 0


# t = 56
-26 0
-24.9804 0.000408787
-23.9608 0.00041203
-22.9412 0.000665301
-21.9216 0.00101985
-20.902 0.000903828
-19.8824 0.00145039
-18.8627 0.000517484
-17.8431 -0.000419427
-16.8235 -0.00107885
-15.8039 -0.00354122
-14.7843 -0.00689808
-13.7647 -0.0100706
-12.7451 -0.0131722
-11.7255 -0.0155533
-10.7059 -0.0171564
-9.68627 -0.0196405
-8.66667 -0.0234661
-7.64706 -0.0281549
-6.62745 -0.0321707
-5.60784 -0.0351305
-4.58824 -0.0389629
-3.56863 -0.0415991
-2.54902 -0.0418759
-1.52941 -0.0401687
-0.509804 -0.0390044
0.509804 -0.0390044
1.52941 -0.0401687
2.54902 -0.0418759
3.56863 -0.0415991
4.58824 -0.0389629
5.60784 -0.0351305
6.62745 -0.0321707
7.64706 -0.0281549
8.66667 -0.0234661
9.68627 -0.0196405
10.7059 -0.0171564
11.7255 -0.0155533
12.7451 -0.0131722
13.7647 -0.0100706
14.7843 -0.00689808
15.8039 -0.00354122
16.8235 -0.00107885
17.8431 -0.000419427
18.8627 0.000517484
19.8824 0.00145039
20.902 0.000903828
21.9216 0.00101985
22.9412 0.000665301
23.9608 0.00041203
24.9804 0.000408787
26 0


# t = 57
-26 0
-24.9804 8.96261e-05
-23.9608 0.000522028
-22.9412 0.000874401
-21.9216 0.000588538
-20.902 0.000735759
-19.8824 0.00066
-18.8627 -0.000121935
-17.8431 -0.00193654
-16.8235 -0.0041743
-15.8039 -0.00635744
-14.7843 -0.00971599
-13.7647 -0.0128178
-12.7451 -0.0155712
-11.7255 -0.0179542
-10.7059 -0.0205637
-9.68627 -0.0230216
-8.66667 -0.0256403
-7.64706 -0.0288239
-6.62745 -0.0320858
-5.60784 -0.0346256
-4.58824 -0.035971
-3.56863 -0.0367051
-2.54902 -0.0366639
-1.52941 -0.0358108
-0.509804 -0.0351875
0.509804 -0.0351875
1.52941 -0.0358108
2.54902 -0.0366639
3.56863 -0.0367051
4.58824 -0.035971
5.60784 -0.0346256
6.62745 -0.0320858
7.64706 -0.0288239
8.66667 -0.0256403
9.68627 -0.0230216
10.7059 -0.0205637
11.7255 -0.0179542
12.7451 -0.0155712
13.7647 -0.0128178
14.7843 -0.00971599
15.8039 -0.00635744
16.8235 -0.0041743
17.8431 -0.00193654
18.8627 -0.000121935
19.8824 0.00066
20.902 0.000735759
21.9216 0.000588538
22.9412 0.000874401
23.9608 0.000522028
24.9804 8.96261e-05
26 0


# t = 58
-26 0
-24.9804 7.68662e-05
-23.9608 0.000539104
-22.9412 0.000544764
-21.9216 0.000498236
-20.902 0.0003666
-19.8824 -0.000778923
-18.8627 -0.00169105
-17.8431 -0.00380484
-16.8235 -0.00716971
-15.8039 -0.0100289
-14.7843 -0.012225
-13.7647 -0.0150897
-12.7451 -0.0175247
-11.7255 -0.0203993
-10.7059 -0.0236963
-9.68627 -0.0264003
-8.66667 -0.0282094
-7.64706 -0.0295176
-6.62745 -0.0313125
-5.60784 -0.0330321
-4.58824 -0.0324765
-3.56863 -0.0312951
-2.54902 -0.0309749
-1.52941 -0.0318545
-0.509804 -0.0321499
0.509804 -0.0321499
1.52941 -0.0318545
2.54902 -0.0309749
3.56863 -0.0312951
4.58824 -0.0324765
5.60784 -0.0330321
6.62745 -0.0313125
7.64706 -0.0295176
8.66667 -0.0282094
9.68627 -0.0264003
10.7059 -0.0236963
11.7255 -0.0203993
12.7451 -0.0175247
13.7647 -0.0150897
14.7843 -0.012225
15.8039 -0.0100289
16.8235 -0.00716971
17.8431 -0.00380484
18.8627 -0.00169105
19.8824 -0.000778923
20.902 0.0003666
21.9216 0.000498236
22.9412 0.000544764
23.9608 0.000539104
24.9804 7.68662e-05
26 0


# t = 59
-26 0
-24.9804 0.000368583
-23.9608 0.000182362
-22.9412 0.000152535
-21.9216 0.000272358
-20.902 -0.000849541
-19.8824 -0.00208396
-18.8627 -0.00428273
-17.8431 -0.00670345
-16.8235 -0.00961785
-15.8039 -0.0129574
-14.7843 -0.0151185
-13.7647 -0.0169481
-12.7451 -0.0197604
-11.7255 -0.0230784
-10.7059 -0.0261332
-9.68627 -0.0287719
-8.66667 -0.0301941
-7.64706 -0.0305608
-6.62745 -0.0304006
-5.60784 -0.0295111
-4.58824 -0.0285265
-3.56863 -0.0269308
-2.54902 -0.0266189
-1.52941 -0.0276462
-0.509804 -0.0289526
0.509804 -0.0289526
1.52941 -0.0276462
2.54902 -0.0266189
3.56863 -0.0269308
4.58824 -0.0285265
5.60784 -0.0295111
6.62745 -0.0304006
7.64706 -0.0305608
8.66667 -0.0301941
9.68627 -0.0287719
10.7059 -0.0261332
11.7255 -0.0230784
12.7451 -0.0197604
13.7647 -0.0169481
14.7843 -0.0151185
15.8039 -0.0129574
16.8235 -0.00961785
17.8431 -0.00670345
18.8627 -0.00428273
19.8824 -0.00208396
20.902 -0.000849541
21.9216 0.000272358
22.9412 0.000152535
23.9608 0.000182362
24.9804 0.000368583
26 0


# t = 60
-26 0
-24.9804 0.000177153
-23.9608 -4.71981e-05
-22.9412 -0.000159087
-21.9216 -0.00101103
-20.902 -0.00224057
-19.8824 -0.00417722
-18.8627 -0.00702901
-17.8431 -0.00992518
-16.8235 -0.012269
-15.8039 -0.0147307
-14.7843 -0.0175709
-13.7647 -0.0195733
-12.7451 -0.0223668
-11.7255 -0.0254038
-10.7059 -0.0279984
-9.68627 -0.0298852
-8.66667 -0.0310615
-7.64706 -0.0309865
-6.62745 -0.0288658
-5.60784 -0.0259981
-4.58824 -0.0243188
-3.56863 -0.0239347
-2.54902 -0.0237307
-1.52941 -0.0238885
-0.509804 -0.0247222
0.509804 -0.0247222
1.52941 -0.0238885
2.54902 -0.0237307
3.56863 -0.0239347
4.58824 -0.0243188
5.60784 -0.0259981
6.62745 -0.0288658
7.64706 -0.0309865
8.66667 -0.0310615
9.68627 -0.0298852
10.7059 -0.0279984
11.7255 -0.0254038
12.7451 -0.0223668
13.7647 -0.0195733
14.7843 -0.0175709
15.8039 -0.0147307
16.8235 -0.012269
17.8431 -0.00992518
18.8627 -0.00702901
19.8824 -0.00417722
20.902 -0.00224057
21.9216 -0.00101103
22.9412 -0.000159087
23.9608 -4.71981e-05
24.9804 0.000177153
26 0


# t = 61
-26 0
-24.9804 -0.000344094
-23.9608 -0.000239773
-22.9412 -0.00111019
-21.9216 -0.00264717
-20.902 -0.0042536
-19.8824 -0.0070034
-18.8627 -0.00970064
-17.8431 -0.0125216
-16.8235 -0.0148801
-15.8039 -0.0166979
-14.7843 -0.0192527
-13.7647 -0.0227141
-12.7451 -0.0250763
-11.7255 -0.0272038
-10.7059 -0.029089
-9.68627 -0.0302083
-8.66667 -0.0306346
-7.64706 -0.0295019
-6.62745 -0.0267089
-5.60784 -0.0237178
-4.58824 -0.0215216
-3.56863 -0.0213455
-2.54902 -0.0213507
-1.52941 -0.0208698
-0.509804 -0.0199717
0.509804 -0.0199717
1.52941 -0.0208698
2.54902 -0.0213507
3.56863 -0.0213455
4.58824 -0.0215216
5.60784 -0.0237178
6.62745 -0.0267089
7.64706 -0.0295019
8.66667 -0.0306346
9.68627 -0.0302083
10.7059 -0.029089
11.7255 -0.0272038
12.7451 -0.0250763
13.7647 -0.0227141
14.7843 -0.0192527
15.8039 -0.0166979
16.8235 -0.0148801
17.8431 -0.0125216
18.8627 -0.00970064
19.8824 -0.0070034
20.902 -0.0042536
21.9216 -0.00264717
22.9412 -0.00111019
23.9608 -0.000239773
24.9804 -0.000344094
26 0


# t = 62
-26 0
-24.9804 -0.000513768
-23.9608 -0.00127719
-22.9412 -0.00265451
-21.9216 -0.00437554
-20.902 -0.00715445
-19.8824 -0.00972389
-18.8627 -0.0123149
-17.8431 -0.0145649
-16.8235 -0.0169131
-15.8039 -0.0192265
-14.7843 -0.0216108
-13.7647 -0.0247938
-12.7451 -0.0273657
-11.7255 -0.0286434
-10.7059 -0.0294067
-9.68627 -0.0297724
-8.66667 -0.0287371
-7.64706 -0.0265488
-6.62745 -0.0244335
-5.60784 -0.0223496
-4.58824 -0.0206659
-3.56863 -0.0191363
-2.54902 -0.0186541
-1.52941 -0.0176661
-0.509804 -0.0162604
0.509804 -0.0162604
1.52941 -0.0176661
2.54902 -0.0186541
3.56863 -0.0191363
4.58824 -0.0206659
5.60784 -0.0223496
6.62745 -0.0244335
7.64706 -0.0265488
8.66667 -0.0287371
9.68627 -0.0297724
10.7059 -0.0294067
11.7255 -0.0286434
12.7451 -0.0273657
13.7647 -0.0247938
14.7843 -0.0216108
15.8039 -0.0192265
16.8235 -0.0169131
17.8431 -0.0145649
18.8627 -0.0123149
19.8824 -0.00972389
20.902 -0.00715445
21.9216 -0.00437554
22.9412 -0.00265451
23.9608 -0.00127719
24.9804 -0.000513768
26 0


# t = 63
-26 0
-24.9804 -0.000928757
-23.9608 -0.00282995
-22.9412 -0.00452351
-21.9216 -0.00693938
-20.902 -0.00979888
-19.8824 -0.0122942
-18.8627 -0.0145134
-17.8431 -0.0165685
-16.8235 -0.0188262
-15.8039 -0.0217391
-14.7843 -0.0245075
-13.7647 -0.0262127
-12.7451 -0.0283555
-11.7255 -0.0294625
-10.7059 -0.0292461
-9.68627 -0.0280527
-8.66667 -0.0258558
-7.64706 -0.0237343
-6.62745 -0.0223271
-5.60784 -0.0214057
-4.58824 -0.0200758
-3.56863 -0.0179176
-2.54902 -0.0156938
-1.52941 -0.0143166
-0.509804 -0.0140065
0.509804 -0.0140065
1.52941 -0.0143166
2.54902 -0.0156938
3.56863 -0.0179176
4.58824 -0.0200758
5.60784 -0.0214057
6.62745 -0.0223271
7.64706 -0.0237343
8.66667 -0.0258558
9.68627 -0.0280527
10.7059 -0.0292461
11.7255 -0.0294625
12.7451 -0.0283555
13.7647 -0.0262127
14.7843 -0.0245075
15.8039 -0.0217391
16.8235 -0.0188262
17.8431 -0.0165685
18.8627 -0.0145134
19.8824 -0.0122942
20.902 -0.00979888
21.9216 -0.00693938
22.9412 -0.00452351
23.9608 -0.00282995
24.9804 -0.000928757
26 0


# t = 64
-26 0
-24.9804 -0.00214901
-23.9608 -0.00423289
-22.9412 -0.00693798
-21.9216 -0.00978164
-20.902 -0.0120091
-19.8824 -0.0144664
-18.8627 -0.0164573
-17.8431 -0.0186787
-16.8235 -0.0212136
-15.8039 -0.0239776
-14.7843 -0.0263625
-13.7647 -0.0278078
-12.7451 -0.0283477
-11.7255 -0.0289739
-10.7059 -0.0281054
-9.68627 -0.025496
-8.66667 -0.0231638
-7.64706 -0.0217099
-6.62745 -0.0207628
-5.60784 -0.0201347
-4.58824 -0.0187708
-3.56863 -0.0167036
-2.54902 -0.0136724
-1.52941 -0.0121252
-0.509804 -0.0122174
0.509804 -0.0122174
1.52941 -0.0121252
2.54902 -0.0136724
3.56863 -0.0167036
4.58824 -0.0187708
5.60784 -0.0201347
6.62745 -0.0207628
7.64706 -0.0217099
8.66667 -0.0231638
9.68627 -0.025496
10.7059 -0.0281054
11.7255 -0.0289739
12.7451 -0.0283477
13.7647 -0.0278078
14.7843 -0.0263625
15.8039 -0.0239776
16.8235 -0.0212136
17.8431 -0.0186787
18.8627 -0.0164573
19.8824 -0.0144664
20.902 -0.0120091
21.9216 -0.00978164
22.9412 -0.00693798
23.9608 -0.00423289
24.9804 -0.00214901
26 0


# t = 65
-26 0
-24.9804 -0.00329166
-23.9608 -0.00610693
-22.9412 -0.00935306
-21.9216 -0.0119751
-20.902 -0.0142408
-19.8824 -0.0161578
-18.8627 -0.0184945
-17.8431 -0.0209838
-16.8235 -0.0236765
-15.8039 -0.0257342
-14.7843 -0.0272352
-13.7647 -0.0284899
-12.7451 -0.0282648
-11.7255 -0.0271168
-10.7059 -0.0254434
-9.68627 -0.0232507
-8.66667 -0.0214113
-7.64706 -0.0202974
-6.62745 -0.0195366
-5.60784 -0.0182678
-4.58824 -0.0168174
-3.56863 -0.0147669
-2.54902 -0.013073
-1.52941 -0.011543
-0.509804 -0.0105338
0.509804 -0.0105338
1.52941 -0.011543
2.54902 -0.013073
3.56863 -0.0147669
4.58824 -0.0168174
5.60784 -0.0182678
6.62745 -0.0195366
7.64706 -0.0202974
8.66667 -0.0214113
9.68627 -0.0232507
10.7059 -0.0254434
11.7255 -0.0271168
12.7451 -0.0282648
13.7647 -0.0284899
14.7843 -0.0272352
15.8039 -0.0257342
16.8235 -0.0236765
17.8431 -0.0209838
18.8627 -0.0184945
19.8824 -0.0161578
20.902 -0.0142408
21.9216 -0.0119751
22.9412 -0.00935306
23.9608 -0.00610693
24.9804 -0.00329166
26 0


# t = 66
-26 0
-24.9804 -0.00399394
-23.9608 -0.00819128
-22.9412 -0.0111153
-21.9216 -0.0136921
-20.902 -0.0160655
-19.8824 -0.0181154
-18.8627 -0.0206017
-17.8431 -0.0233204
-16.8235 -0.0254481
-15.8039 -0.0268689
-14.7843 -0.0277251
-13.7647 -0.0277889
-12.7451 -0.0272646
-11.7255 -0.0248081
-10.7059 -0.0224542
-9.68627 -0.0214338
-8.66667 -0.0204152
-7.64706 -0.0192727
-6.62745 -0.0179435
-5.60784 -0.0162672
-4.58824 -0.0144538
-3.56863 -0.0132061
-2.54902 -0.0126994
-1.52941 -0.0115121
-0.509804 -0.00989936
0.509804 -0.00989936
1.52941 -0.0115121
2.54902 -0.0126994
3.56863 -0.0132061
4.58824 -0.0144538
5.60784 -0.0162672
6.62745 -0.0179435
7.64706 -0.0192727
8.66667 -0.0204152
9.68627 -0.0214338
10.7059 -0.0224542
11.7255 -0.0248081
12.7451 -0.0272646
13.7647 -0.0277889
14.7843 -0.0277251
15.8039 -0.0268689
16.8235 -0.0254481
17.8431 -0.0233204
18.8627 -0.0206017
19.8824 -0.0181154
20.902 -0.0160655
21.9216 -0.0136921
22.9412 -0.0111153
23.9608 -0.00819128
24.9804 -0.00399394
26 0


# t = 67
-26 0
-24.9804 -0.0047574
-23.9608 -0.00906549
-22.9412 -0.0123988
-21.9216 -0.015107
-20.902 -0.0175357
-19.8824 -0.020347
-18.8627 -0.0227957
-17.8431 -0.0250022
-16.8235 -0.0264502
-15.8039 -0.0273668
-14.7843 -0.0274353
-13.7647 -0.026445
-12.7451 -0.0246169
-11.7255 -0.0226645
-10.7059 -0.0207693
-9.68627 -0.0197838
-8.66667 -0.0193499
-7.64706 -0.0181082
-6.62745 -0.0161095
-5.60784 -0.0142608
-4.58824 -0.0127326
-3.56863 -0.0123543
-2.54902 -0.0117769
-1.52941 -0.011174
-0.509804 -0.0107614
0.509804 -0.0107614
1.52941 -0.011174
2.54902 -0.0117769
3.56863 -0.0123543
4.58824 -0.0127326
5.60784 -0.0142608
6.62745 -0.0161095
7.64706 -0.0181082
8.66667 -0.0193499
9.68627 -0.0197838
10.7059 -0.0207693
11.7255 -0.0226645
12.7451 -0.0246169
13.7647 -0.026445
14.7843 -0.0274353
15.8039 -0.0273668
16.8235 -0.0264502
17.8431 -0.0250022
18.8627 -0.0227957
19.8824 -0.020347
20.902 -0.0175357
21.9216 -0.015107
22.9412 -0.0123988
23.9608 -0.00906549
24.9804 -0.0047574
26 0


# t = 68
-26 0
-24.9804 -0.00503471
-23.9608 -0.00898861
-22.9412 -0.0130013
-21.9216 -0.0161957
-20.902 -0.0192231
-19.8824 -0.0221644
-18.8627 -0.0246024
-17.8431 -0.0258984
-16.8235 -0.0268442
-15.8039 -0.0270093
-14.7843 -0.0261413
-13.7647 -0.024371
-12.7451 -0.0219439
-11.7255 -0.0207252
-10.7059 -0.0199902
-9.68627 -0.0186973
-8.66667 -0.0176276
-7.64706 -0.0163071
-6.62745 -0.0144681
-5.60784 -0.0127111
-4.58824 -0.0120957
-3.56863 -0.0114431
-2.54902 -0.0108775
-1.52941 -0.011041
-0.509804 -0.0119745
0.509804 -0.0119745
1.52941 -0.011041
2.54902 -0.0108775
3.56863 -0.0114431
4.58824 -0.0120957
5.60784 -0.0127111
6.62745 -0.0144681
7.64706 -0.0163071
8.66667 -0.0176276
9.68627 -0.0186973
10.7059 -0.0199902
11.7255 -0.0207252
12.7451 -0.0219439
13.7647 -0.024371
14.7843 -0.0261413
15.8039 -0.0270093
16.8235 -0.0268442
17.8431 -0.0258984
18.8627 -0.0246024
19.8824 -0.0221644
20.902 -0.0192231
21.9216 -0.0161957
22.9412 -0.0130013
23.9608 -0.00898861
24.9804 -0.00503471
26 0


# t = 69
-26 0
-24.9804 -0.00436981
-23.9608 -0.00884757
-22.9412 -0.0128616
-21.9216 -0.0170302
-20.902 -0.0207111
-19.8824 -0.0233812
-18.8627 -0.0252817
-17.8431 -0.0263281
-16.8235 -0.0264589
-15.8039 -0.0256731
-14.7843 -0.0240273
-13.7647 -0.021852
-12.7451 -0.0204342
-11.7255 -0.0193395
-10.7059 -0.0188126
-9.68627 -0.0178065
-8.66667 -0.0157556
-7.64706 -0.0141373
-6.62745 -0.0130175
-5.60784 -0.0122254
-4.58824 -0.011535
-3.56863 -0.0106952
-2.54902 -0.0107049
-1.52941 -0.0115658
-0.509804 -0.0123123
0.509804 -0.0123123
1.52941 -0.0115658
2.54902 -0.0107049
3.56863 -0.0106952
4.58824 -0.011535
5.60784 -0.0122254
6.62745 -0.0130175
7.64706 -0.0141373
8.66667 -0.0157556
9.68627 -0.0178065
10.7059 -0.0188126
11.7255 -0.0193395
12.7451 -0.0204342
13.7647 -0.021852
14.7843 -0.0240273
15.8039 -0.0256731
16.8235 -0.0264589
17.8431 -0.0263281
18.8627 -0.0252817
19.8824 -0.0233812
20.902 -0.0207111
21.9216 -0.0170302
22.9412 -0.0128616
23.9608 -0.00884757
24.9804 -0.00436981
26 0


# t = 70
-26 0
-24.9804 -0.00380186
-23.9608 -0.00832992
-22.9412 -0.0128026
-21.9216 -0.0173493
-20.902 -0.0211752
-19.8824 -0.0237576
-18.8627 -0.0250855
-17.8431 -0.0258362
-16.8235 -0.0251911
-15.8039 -0.0235708
-14.7843 -0.0215546
-13.7647 -0.0200979
-12.7451 -0.0193606
-11.7255 -0.0185023
-10.7059 -0.01725
-9.68627 -0.0160556
-8.66667 -0.0143149
-7.64706 -0.0125521
-6.62745 -0.0119586
-5.60784 -0.0118625
-4.58824 -0.0109325
-3.56863 -0.0107607
-2.54902 -0.011321
-1.52941 -0.0119726
-0.509804 -0.0119358
0.509804 -0.0119358
1.52941 -0.0119726
2.54902 -0.011321
3.56863 -0.0107607
4.58824 -0.0109325
5.60784 -0.0118625
6.62745 -0.0119586
7.64706 -0.0125521
8.66667 -0.0143149
9.68627 -0.0160556
10.7059 -0.01725
11.7255 -0.0185023
12.7451 -0.0193606
13.7647 -0.0200979
14.7843 -0.0215546
15.8039 -0.0235708
16.8235 -0.0251911
17.8431 -0.0258362
18.8627 -0.0250855
19.8824 -0.0237576
20.902 -0.0211752
21.9216 -0.0173493
22.9412 -0.0128026
23.9608 -0.00832992
24.9804 -0.00380186
26 0


# t = 71
-26 0
-24.9804 -0.00388484
-23.9608 -0.00784008
-22.9412 -0.0127619
-21.9216 -0.0169579
-20.902 -0.0204204
-19.8824 -0.0229196
-18.8627 -0.0242355
-17.8431 -0.0240677
-16.8235 -0.0230328
-15.8039 -0.0212049
-14.7843 -0.0197067
-13.7647 -0.0190783
-12.7451 -0.0182559
-11.7255 -0.0173626
-10.7059 -0.0157557
-9.68627 -0.0139222
-8.66667 -0.0129652
-7.64706 -0.0120835
-6.62745 -0.0114019
-5.60784 -0.0108768
-4.58824 -0.0110074
-3.56863 -0.0115075
-2.54902 -0.0119882
-1.52941 -0.0117735
-0.509804 -0.0115689
0.509804 -0.0115689
1.52941 -0.0117735
2.54902 -0.0119882
3.56863 -0.0115075
4.58824 -0.0110074
5.60784 -0.0108768
6.62745 -0.0114019
7.64706 -0.0120835
8.66667 -0.0129652
9.68627 -0.0139222
10.7059 -0.0157557
11.7255 -0.0173626
12.7451 -0.0182559
13.7647 -0.0190783
14.7843 -0.0197067
15.8039 -0.0212049
16.8235 -0.0230328
17.8431 -0.0240677
18.8627 -0.0242355
19.8824 -0.0229196
20.902 -0.0204204
21.9216 -0.0169579
22.9412 -0.0127619
23.9608 -0.00784008
24.9804 -0.00388484
26 0


# t = 72
-26 0
-24.9804 -0.00408484
-23.9608 -0.00816711
-22.9412 -0.0121117
-21.9216 -0.0158476
-20.902 -0.0187522
-19.8824 -0.0209494
-18.8627 -0.0220196
-17.8431 -0.0214963
-16.8235 -0.0202634
-15.8039 -0.019245
-14.7843 -0.0187087
-13.7647 -0.0179917
-12.7451 -0.0170879
-11.7255 -0.0156451
-10.7059 -0.0141499
-9.68627 -0.0126406
-8.66667 -0.0118143
-7.64706 -0.0118252
-6.62745 -0.0110611
-5.60784 -0.0105382
-4.58824 -0.011437
-3.56863 -0.0121803
-2.54902 -0.0120221
-1.52941 -0.0115623
-0.509804 -0.01141
0.509804 -0.01141
1.52941 -0.0115623
2.54902 -0.0120221
3.56863 -0.0121803
4.58824 -0.011437
5.60784 -0.0105382
6.62745 -0.0110611
7.64706 -0.0118252
8.66667 -0.0118143
9.68627 -0.0126406
10.7059 -0.0141499
11.7255 -0.0156451
12.7451 -0.0170879
13.7647 -0.0179917
14.7843 -0.0187087
15.8039 -0.019245
16.8235 -0.0202634
17.8431 -0.0214963
18.8627 -0.0220196
19.8824 -0.0209494
20.902 -0.0187522
21.9216 -0.0158476
22.9412 -0.0121117
23.9608 -0.00816711
24.9804 -0.00408484
26 0


# t = 73
-26 0
-24.9804 -0.00426415
-23.9608 -0.00834608
-22.9412 -0.0112531
-21.9216 -0.0140179
-20.902 -0.0164338
-19.8824 -0.0179606
-18.8627 -0.018424
-17.8431 -0.0183537
-16.8235 -0.0178016
-15.8039 -0.0177998
-14.7843 -0.0176225
-13.7647 -0.0167527
-12.7451 -0.0154977
-11.7255 -0.0139327
-10.7059 -0.0126507
-9.68627 -0.0120629
-8.66667 -0.0114366
-7.64706 -0.0109787
-6.62745 -0.0109855
-5.60784 -0.0114479
-4.58824 -0.0117438
-3.56863 -0.0120138
-2.54902 -0.011757
-1.52941 -0.0116174
-0.509804 -0.011419
0.509804 -0.011419
1.52941 -0.0116174
2.54902 -0.011757
3.56863 -0.0120138
4.58824 -0.0117438
5.60784 -0.0114479
6.62745 -0.0109855
7.64706 -0.0109787
8.66667 -0.0114366
9.68627 -0.0120629
10.7059 -0.0126507
11.7255 -0.0139327
12.7451 -0.0154977
13.7647 -0.0167527
14.7843 -0.0176225
15.8039 -0.0177998
16.8235 -0.0178016
17.8431 -0.0183537
18.8627 -0.018424
19.8824 -0.0179606
20.902 -0.0164338
21.9216 -0.0140179
22.9412 -0.0112531
23.9608 -0.00834608
24.9804 -0.00426415
26 0


# t = 74
-26 0
-24.9804 -0.004204
-23.9608 -0.00748254
-22.9412 -0.0102189
-21.9216 -0.0119132
-20.902 -0.0133748
-19.8824 -0.0141133
-18.8627 -0.0144491
-17.8431 -0.0149517
-16.8235 -0.0158949
-15.8039 -0.0162657
-14.7843 -0.0159576
-13.7647 -0.01518
-12.7451 -0.0137122
-11.7255 -0.012573
-10.7059 -0.0118395
-9.68627 -0.0115344
-8.66667 -0.0112493
-7.64706 -0.0106138
-6.62745 -0.0113252
-5.60784 -0.012196
-4.58824 -0.0119698
-3.56863 -0.0114069
-2.54902 -0.0115694
-1.52941 -0.0116389
-0.509804 -0.0116074
0.509804 -0.0116074
1.52941 -0.0116389
2.54902 -0.0115694
3.56863 -0.0114069
4.58824 -0.0119698
5.60784 -0.012196
6.62745 -0.0113252
7.64706 -0.0106138
8.66667 -0.0112493
9.68627 -0.0115344
10.7059 -0.0118395
11.7255 -0.012573
12.7451 -0.0137122
13.7647 -0.01518
14.7843 -0.0159576
15.8039 -0.0162657
16.8235 -0.0158949
17.8431 -0.0149517
18.8627 -0.0144491
19.8824 -0.0141133
20.902 -0.0133748
21.9216 -0.0119132
22.9412 -0.0102189
23.9608 -0.00748254
24.9804 -0.004204
26 0


# t = 75
-26 0
-24.9804 -0.00331472
-23.9608 -0.00607104
-22.9412 -0.00828859
-21.9216 -0.00960144
-20.902 -0.00980338
-19.8824 -0.0100738
-18.8627 -0.0108167
-17.8431 -0.0120723
-16.8235 -0.0135738
-15.8039 -0.0141567
-14.7843 -0.0138844
-13.7647 -0.0130809
-12.7451 -0.0122805
-11.7255 -0.0116777
-10.7059 -0.0114644
-9.68627 -0.0110542
-8.66667 -0.0108545
-7.64706 -0.0114168
-6.62745 -0.0118012
-5.60784 -0.0119499
-4.58824 -0.011871
-3.56863 -0.0114288
-2.54902 -0.0113498
-1.52941 -0.0115684
-0.509804 -0.0118093
0.509804 -0.0118093
1.52941 -0.0115684
2.54902 -0.0113498
3.56863 -0.0114288
4.58824 -0.011871
5.60784 -0.0119499
6.62745 -0.0118012
7.64706 -0.0114168
8.66667 -0.0108545
9.68627 -0.0110542
10.7059 -0.0114644
11.7255 -0.0116777
12.7451 -0.0122805
13.7647 -0.0130809
14.7843 -0.0138844
15.8039 -0.0141567
16.8235 -0.0135738
17.8431 -0.0120723
18.8627 -0.0108167
19.8824 -0.0100738
20.902 -0.00980338
21.9216 -0.00960144
22.9412 -0.00828859
23.9608 -0.00607104
24.9804 -0.00331472
26 0


# t = 76
-26 0
-24.9804 -0.00195405
-23.9608 -0.0041731
-22.9412 -0.00557018
-21.9216 -0.00639341
-20.902 -0.00642745
-19.8824 -0.00667762
-18.8627 -0.00785079
-17.8431 -0.00952177
-16.8235 -0.0105369
-15.8039 -0.0113236
-14.7843 -0.0114021
-13.7647 -0.0110672
-12.7451 -0.0111144
-11.7255 -0.0111626
-10.7059 -0.0109755
-9.68627 -0.0108146
-8.66667 -0.0111384
-7.64706 -0.0120596
-6.62745 -0.012025
-5.60784 -0.0114822
-4.58824 -0.0114722
-3.56863 -0.0117588
-2.54902 -0.0114218
-1.52941 -0.0115242
-0.509804 -0.0117798
0.509804 -0.0117798
1.52941 -0.0115242
2.54902 -0.0114218
3.56863 -0.0117588
4.58824 -0.0114722
5.60784 -0.0114822
6.62745 -0.012025
7.64706 -0.0120596
8.66667 -0.0111384
9.68627 -0.0108146
10.7059 -0.0109755
11.7255 -0.0111626
12.7451 -0.0111144
13.7647 -0.0110672
14.7843 -0.0114021
15.8039 -0.0113236
16.8235 -0.0105369
17.8431 -0.00952177
18.8627 -0.00785079
19.8824 -0.00667762
20.902 -0.00642745
21.9216 -0.00639341
22.9412 -0.00557018
23.9608 -0.0041731
24.9804 -0.00195405
26 0


# t = 77
-26 0
-24.9804 -0.000837752
-23.9608 -0.00164062
-22.9412 -0.00239035
-21.9216 -0.00264075
-20.902 -0.00341298
-19.8824 -0.00428983
-18.8627 -0.00547738
-17.8431 -0.00654834
-16.8235 -0.0073677
-15.8039 -0.0079795
-14.7843 -0.00866544
-13.7647 -0.00945673
-12.7451 -0.010016
-11.7255 -0.0104717
-10.7059 -0.0105489
-9.68627 -0.0110438
-8.66667 -0.011894
-7.64706 -0.0118518
-6.62745 -0.011773
-5.60784 -0.0114839
-4.58824 -0.0113433
-3.56863 -0.0115807
-2.54902 -0.0118398
-1.52941 -0.0116258
-0.509804 -0.0115249
0.509804 -0.0115249
1.52941 -0.0116258
2.54902 -0.0118398
3.56863 -0.0115807
4.58824 -0.0113433
5.60784 -0.0114839
6.62745 -0.011773
7.64706 -0.0118518
8.66667 -0.011894
9.68627 -0.0110438
10.7059 -0.0105489
11.7255 -0.0104717
12.7451 -0.010016
13.7647 -0.00945673
14.7843 -0.00866544
15.8039 -0.0079795
16.8235 -0.0073677
17.8431 -0.00654834
18.8627 -0.00547738
19.8824 -0.00428983
20.902 -0.00341298
21.9216 -0.00264075
22.9412 -0.00239035
23.9608 -0.00164062
24.9804 -0.000837752
26 0


# t = 78
-26 0
-24.9804 0.000256839
-23.9608 0.000846036
-22.9412 0.00103385
-21.9216 0.000501212
-20.902 -0.000689614
-19.8824 -0.00228717
-18.8627 -0.0031243
-17.8431 -0.00348446
-16.8235 -0.00416483
-15.8039 -0.00485808
-14.7843 -0.00614486
-13.7647 -0.00772573
-12.7451 -0.00884431
-11.7255 -0.00950809
-10.7059 -0.0105022
-9.68627 -0.0115385
-8.66667 -0.0118626
-7.64706 -0.0115538
-6.62745 -0.0113591
-5.60784 -0.011624
-4.58824 -0.0115574
-3.56863 -0.0114242
-2.54902 -0.0118375
-1.52941 -0.0117967
-0.509804 -0.011383
0.509804 -0.011383
1.52941 -0.0117967
2.54902 -0.0118375
3.56863 -0.0114242
4.58824 -0.0115574
5.60784 -0.011624
6.62745 -0.0113591
7.64706 -0.0115538
8.66667 -0.0118626
9.68627 -0.0115385
10.7059 -0.0105022
11.7255 -0.00950809
12.7451 -0.00884431
13.7647 -0.00772573
14.7843 -0.00614486
15.8039 -0.00485808
16.8235 -0.00416483
17.8431 -0.00348446
18.8627 -0.0031243
19.8824 -0.00228717
20.902 -0.000689614
21.9216 0.000501212
22.9412 0.00103385
23.9608 0.000846036
24.9804 0.000256839
26 0


# t = 79
-26 0
-24.9804 0.00155896
-23.9608 0.00283947
-22.9412 0.00360137
-21.9216 0.0028499
-20.902 0.00155488
-19.8824 0.00027687
-18.8627 -0.0004485
-17.8431 -0.000819031
-16.8235 -0.00118832
-15.8039 -0.00242188
-14.7843 -0.00401059
-13.7647 -0.00567142
-12.7451 -0.00732999
-11.7255 -0.00885119
-10.7059 -0.0104704
-9.68627 -0.0113576
-8.66667 -0.0112495
-7.64706 -0.0113581
-6.62745 -0.0113485
-5.60784 -0.0114958
-4.58824 -0.011717
-3.56863 -0.0117143
-2.54902 -0.0114545
-1.52941 -0.011635
-0.509804 -0.0116074
0.509804 -0.0116074
1.52941 -0.011635
2.54902 -0.0114545
3.56863 -0.0117143
4.58824 -0.011717
5.60784 -0.0114958
6.62745 -0.0113485
7.64706 -0.0113581
8.66667 -0.0112495
9.68627 -0.0113576
10.7059 -0.0104704
11.7255 -0.00885119
12.7451 -0.00732999
13.7647 -0.00567142
14.7843 -0.00401059
15.8039 -0.00242188
16.8235 -0.00118832
17.8431 -0.000819031
18.8627 -0.0004485
19.8824 0.00027687
20.902 0.00155488
21.9216 0.0028499
22.9412 0.00360137
23.9608 0.00283947
24.9804 0.00155896
26 0


# t = 80
-26 0
-24.9804 0.00252421
-23.9608 0.00417519
-22.9412 0.00467045
-21.9216 0.00452029
-20.902 0.00370379
-19.8824 0.0032142
-18.8627 0.00243585
-17.8431 0.00168402
-16.8235 0.000873668
-15.8039 -0.00047081
-14.7843 -0.00206596
-13.7647 -0.00371251
-12.7451 -0.00577794
-11.7255 -0.00825689
-10.7059 -0.00975268
-9.68627 -0.0102949
-8.66667 -0.010784
-7.64706 -0.0110934
-6.62745 -0.011471
-5.60784 -0.0114335
-4.58824 -0.0116641
-3.56863 -0.0117818
-2.54902 -0.0114411
-1.52941 -0.0113311
-0.509804 -0.0118333
0.509804 -0.0118333
1.52941 -0.0113311
2.54902 -0.0114411
3.56863 -0.0117818
4.58824 -0.0116641
5.60784 -0.0114335
6.62745 -0.011471
7.64706 -0.0110934
8.66667 -0.010784
9.68627 -0.0102949
10.7059 -0.00975268
11.7255 -0.00825689
12.7451 -0.00577794
13.7647 -0.00371251
14.7843 -0.00206596
15.8039 -0.00047081
16.8235 0.000873668
17.8431 0.00168402
18.8627 0.00243585
19.8824 0.0032142
20.902 0.00370379
21.9216 0.00452029
22.9412 0.00467045
23.9608 0.00417519
24.9804 0.00252421
26 0


# t = 81
-26 0
-24.9804 0.00261641
-23.9608 0.00435324
-22.9412 0.00501619
-21.9216 0.00551358
-20.902 0.00596887
-19.8824 0.00577953
-18.8627 0.00517895
-17.8431 0.00398128
-16.8235 0.00235384
-15.8039 0.00113112
-14.7843 -0.00030353
-13.7647 -0.00224067
-12.7451 -0.00462392
-11.7255 -0.00681021
-10.7059 -0.00818324
-9.68627 -0.00916802
-8.66667 -0.0101875
-7.64706 -0.0108634
-6.62745 -0.0112504
-5.60784 -0.0115725
-4.58824 -0.0115045
-3.56863 -0.011458
-2.54902 -0.011637
-1.52941 -0.0115532
-0.509804 -0.0116217
0.509804 -0.0116217
1.52941 -0.0115532
2.54902 -0.011637
3.56863 -0.011458
4.58824 -0.0115045
5.60784 -0.0115725
6.62745 -0.0112504
7.64706 -0.0108634
8.66667 -0.0101875
9.68627 -0.00916802
10.7059 -0.00818324
11.7255 -0.00681021
12.7451 -0.00462392
13.7647 -0.00224067
14.7843 -0.00030353
15.8039 0.00113112
16.8235 0.00235384
17.8431 0.00398128
18.8627 0.00517895
19.8824 0.00577953
20.902 0.00596887
21.9216 0.00551358
22.9412 0.00501619
23.9608 0.00435324
24.9804 0.00261641
26 0


# t = 82
-26 0
-24.9804 0.0018783
-23.9608 0.00353095
-22.9412 0.00513231
-21.9216 0.00637087
-20.902 0.00753778
-19.8824 0.00778589
-18.8627 0.00721906
-17.8431 0.00578241
-16.8235 0.0040699
-15.8039 0.00246506
-14.7843 0.000897364
-13.7647 -0.00124536
-12.7451 -0.00333405
-11.7255 -0.00469695
-10.7059 -0.00630776
-9.68627 -0.00808092
-8.66667 -0.00930824
-7.64706 -0.01037
-6.62745 -0.0109423
-5.60784 -0.0113655
-4.58824 -0.011361
-3.56863 -0.0113296
-2.54902 -0.0116202
-1.52941 -0.011875
-0.509804 -0.0113667
0.509804 -0.0113667
1.52941 -0.011875
2.54902 -0.0116202
3.56863 -0.0113296
4.58824 -0.011361
5.60784 -0.0113655
6.62745 -0.0109423
7.64706 -0.01037
8.66667 -0.00930824
9.68627 -0.00808092
10.7059 -0.00630776
11.7255 -0.00469695
12.7451 -0.00333405
13.7647 -0.00124536
14.7843 0.000897364
15.8039 0.00246506
16.8235 0.0040699
17.8431 0.00578241
18.8627 0.00721906
19.8824 0.00778589
20.902 0.00753778
21.9216 0.00637087
22.9412 0.00513231
23.9608 0.00353095
24.9804 0.0018783
26 0


# t = 83
-26 0
-24.9804 0.000978808
-23.9608 0.00266825
-22.9412 0.00492211
-21.9216 0.00704394
-20.902 0.00818136
-19.8824 0.00887851
-18.8627 0.00834005
-17.8431 0.00720905
-16.8235 0.00577917
-15.8039 0.00373596
-14.7843 0.0015487
-13.7647 -0.000243172
-12.7451 -0.001494
-11.7255 -0.00286664
-10.7059 -0.00464629
-9.68627 -0.00657651
-8.66667 -0.00826491
-7.64706 -0.00945914
-6.62745 -0.0104635
-5.60784 -0.0107889
-4.58824 -0.0111947
-3.56863 -0.0114813
-2.54902 -0.0115458
-1.52941 -0.0115522
-0.509804 -0.0115467
0.509804 -0.0115467
1.52941 -0.0115522
2.54902 -0.0115458
3.56863 -0.0114813
4.58824 -0.0111947
5.60784 -0.0107889
6.62745 -0.0104635
7.64706 -0.00945914
8.66667 -0.00826491
9.68627 -0.00657651
10.7059 -0.00464629
11.7255 -0.00286664
12.7451 -0.001494
13.7647 -0.000243172
14.7843 0.0015487
15.8039 0.00373596
16.8235 0.00577917
17.8431 0.00720905
18.8627 0.00834005
19.8824 0.00887851
20.902 0.00818136
21.9216 0.00704394
22.9412 0.00492211
23.9608 0.00266825
24.9804 0.000978808
26 0


# t = 84
-26 0
-24.9804 0.000771925
-23.9608 0.00237111
-22.9412 0.00458216
-21.9216 0.00679895
-20.902 0.00827468
-19.8824 0.00878691
-18.8627 0.00879872
-17.8431 0.0082321
-16.8235 0.00684736
-15.8039 0.00480625
-14.7843 0.00253371
-13.7647 0.00119328
-12.7451 0.000158512
-11.7255 -0.00149477
-10.7059 -0.00320704
-9.68627 -0.00491634
-8.66667 -0.00681989
-7.64706 -0.00835618
-6.62745 -0.00941588
-5.60784 -0.0102602
-4.58824 -0.010925
-3.56863 -0.0114229
-2.54902 -0.0114104
-1.52941 -0.0112318
-0.509804 -0.0117223
0.509804 -0.0117223
1.52941 -0.0112318
2.54902 -0.0114104
3.56863 -0.0114229
4.58824 -0.010925
5.60784 -0.0102602
6.62745 -0.00941588
7.64706 -0.00835618
8.66667 -0.00681989
9.68627 -0.00491634
10.7059 -0.00320704
11.7255 -0.00149477
12.7451 0.000158512
13.7647 0.00119328
14.7843 0.00253371
15.8039 0.00480625
16.8235 0.00684736
17.8431 0.0082321
18.8627 0.00879872
19.8824 0.00878691
20.902 0.00827468
21.9216 0.00679895
22.9412 0.00458216
23.9608 0.00237111
24.9804 0.000771925
26 0


# t = 85
-26 0
-24.9804 0.00132701
-23.9608 0.00266844
-22.9412 0.00425587
-21.9216 0.00586703
-20.902 0.00745478
-19.8824 0.00817184
-18.8627 0.00865344
-17.8431 0.00842183
-16.8235 0.00723108
-15.8039 0.00564132
-14.7843 0.00427867
-13.7647 0.00284204
-12.7451 0.00121138
-11.7255 -0.000279985
-10.7059 -0.00185212
-9.68627 -0.00348254
-8.66667 -0.0051118
-7.64706 -0.0068602
-6.62745 -0.00819322
-5.60784 -0.00957889
-4.58824 -0.0104815
-3.56863 -0.0109063
-2.54902 -0.0111484
-1.52941 -0.0114632
-0.509804 -0.0114773
0.509804 -0.0114773
1.52941 -0.0114632
2.54902 -0.0111484
3.56863 -0.0109063
4.58824 -0.0104815
5.60784 -0.00957889
6.62745 -0.00819322
7.64706 -0.0068602
8.66667 -0.0051118
9.68627 -0.00348254
10.7059 -0.00185212
11.7255 -0.000279985
12.7451 0.00121138
13.7647 0.00284204
14.7843 0.00427867
15.8039 0.00564132
16.8235 0.00723108
17.8431 0.00842183
18.8627 0.00865344
19.8824 0.00817184
20.902 0.00745478
21.9216 0.00586703
22.9412 0.00425587
23.9608 0.00266844
24.9804 0.00132701
26 0


# t = 86
-26 0
-24.9804 0.0018825
-23.9608 0.00316565
-22.9412 0.00398007
-21.9216 0.004908
-20.902 0.00590822
-19.8824 0.00728506
-18.8627 0.00782553
-17.8431 0.00770543
-16.8235 0.00720596
-15.8039 0.00660149
-14.7843 0.00587574
-13.7647 0.00424612
-12.7451 0.00231523
-11.7255 0.00081022
-10.7059 -0.000619343
-9.68627 -0.00212963
-8.66667 -0.00356478
-7.64706 -0.00509056
-6.62745 -0.00702019
-5.60784 -0.008488
-4.58824 -0.00960622
-3.56863 -0.0102323
-2.54902 -0.0109318
-1.52941 -0.0114275
-0.509804 -0.0112126
0.509804 -0.0112126
1.52941 -0.0114275
2.54902 -0.0109318
3.56863 -0.0102323
4.58824 -0.00960622
5.60784 -0.008488
6.62745 -0.00702019
7.64706 -0.00509056
8.66667 -0.00356478
9.68627 -0.00212963
10.7059 -0.000619343
11.7255 0.00081022
12.7451 0.00231523
13.7647 0.00424612
14.7843 0.00587574
15.8039 0.00660149
16.8235 0.00720596
17.8431 0.00770543
18.8627 0.00782553
19.8824 0.00728506
20.902 0.00590822
21.9216 0.004908
22.9412 0.00398007
23.9608 0.00316565
24.9804 0.0018825
26 0


# t = 87
-26 0
-24.9804 0.00186433
-23.9608 0.00320367
-22.9412 0.00379101
-21.9216 0.00408931
-20.902 0.0047151
-19.8824 0.00570295
-18.8627 0.00639277
-17.8431 0.00664934
-16.8235 0.00706022
-15.8039 0.00734659
-14.7843 0.00658795
-13.7647 0.00529115
-12.7451 0.00371779
-11.7255 0.00193324
-10.7059 0.000492352
-9.68627 -0.000789417
-8.66667 -0.00219285
-7.64706 -0.00373341
-6.62745 -0.00551016
-5.60784 -0.00708983
-4.58824 -0.00833245
-3.56863 -0.00961143
-2.54902 -0.0105103
-1.52941 -0.0107814
-0.509804 -0.0111153
0.509804 -0.0111153
1.52941 -0.0107814
2.54902 -0.0105103
3.56863 -0.00961143
4.58824 -0.00833245
5.60784 -0.00708983
6.62745 -0.00551016
7.64706 -0.00373341
8.66667 -0.00219285
9.68627 -0.000789417
10.7059 0.000492352
11.7255 0.00193324
12.7451 0.00371779
13.7647 0.00529115
14.7843 0.00658795
15.8039 0.00734659
16.8235 0.00706022
17.8431 0.00664934
18.8627 0.00639277
19.8824 0.00570295
20.902 0.0047151
21.9216 0.00408931
22.9412 0.00379101
23.9608 0.00320367
24.9804 0.00186433
26 0


# t = 88
-26 0
-24.9804 0.00134725
-23.9608 0.00254034
-22.9412 0.00333545
-21.9216 0.00359807
-20.902 0.00389501
-19.8824 0.00393746
-18.8627 0.00464809
-17.8431 0.00574363
-16.8235 0.00675862
-15.8039 0.00711217
-14.7843 0.00671824
-13.7647 0.00599921
-12.7451 0.00487314
-11.7255 0.00329396
-10.7059 0.00170027
-9.68627 0.000381058
-8.66667 -0.0010293
-7.64706 -0.00264323
-6.62745 -0.00389841
-5.60784 -0.00545994
-4.58824 -0.00710811
-3.56863 -0.00865637
-2.54902 -0.00954825
-1.52941 -0.0101613
-0.509804 -0.0107179
0.509804 -0.0107179
1.52941 -0.0101613
2.54902 -0.00954825
3.56863 -0.00865637
4.58824 -0.00710811
5.60784 -0.00545994
6.62745 -0.00389841
7.64706 -0.00264323
8.66667 -0.0010293
9.68627 0.000381058
10.7059 0.00170027
11.7255 0.00329396
12.7451 0.00487314
13.7647 0.00599921
14.7843 0.00671824
15.8039 0.00711217
16.8235 0.00675862
17.8431 0.00574363
18.8627 0.00464809
19.8824 0.00393746
20.902 0.00389501
21.9216 0.00359807
22.9412 0.00333545
23.9608 0.00254034
24.9804 0.00134725
26 0


# t = 89
-26 0
-24.9804 0.000697864
-23.9608 0.00152359
-22.9412 0.00242037
-21.9216 0.0031115
-20.902 0.00293982
-19.8824 0.0028436
-18.8627 0.00335827
-17.8431 0.00479588
-16.8235 0.00584967
-15.8039 0.00618296
-14.7843 0.00648954
-13.7647 0.0062726
-12.7451 0.0055543
-11.7255 0.00456382
-10.7059 0.00307868
-9.68627 0.00141956
-8.66667 -8.20561e-05
-7.64706 -0.00132932
-6.62745 -0.00261347
-5.60784 -0.00399815
-4.58824 -0.00582244
-3.56863 -0.00715867
-2.54902 -0.00834869
-1.52941 -0.00947093
-0.509804 -0.00982167
0.509804 -0.00982167
1.52941 -0.00947093
2.54902 -0.00834869
3.56863 -0.00715867
4.58824 -0.00582244
5.60784 -0.00399815
6.62745 -0.00261347
7.64706 -0.00132932
8.66667 -8.20561e-05
9.68627 0.00141956
10.7059 0.00307868
11.7255 0.00456382
12.7451 0.0055543
13.7647 0.0062726
14.7843 0.00648954
15.8039 0.00618296
16.8235 0.00584967
17.8431 0.00479588
18.8627 0.00335827
19.8824 0.0028436
20.902 0.00293982
21.9216 0.0031115
22.9412 0.00242037
23.9608 0.00152359
24.9804 0.000697864
26 0


# t = 90
-26 0
-24.9804 0.000195261
-23.9608 0.00061347
-22.9412 0.00132361
-21.9216 0.00189665
-20.902 0.00208113
-19.8824 0.00239303
-18.8627 0.00294236
-17.8431 0.00357653
-16.8235 0.00433851
-15.8039 0.00519884
-14.7843 0.00578759
-13.7647 0.00605033
-12.7451 0.00590482
-11.7255 0.00531645
-10.7059 0.0042179
-9.68627 0.00254766
-8.66667 0.00104533
-7.64706 -0.00010248
-6.62745 -0.00150847
-5.60784 -0.00296347
-4.58824 -0.00419763
-3.56863 -0.00557407
-2.54902 -0.00709253
-1.52941 -0.00812306
-0.509804 -0.00859707
0.509804 -0.00859707
1.52941 -0.00812306
2.54902 -0.00709253
3.56863 -0.00557407
4.58824 -0.00419763
5.60784 -0.00296347
6.62745 -0.00150847
7.64706 -0.00010248
8.66667 0.00104533
9.68627 0.00254766
10.7059 0.0042179
11.7255 0.00531645
12.7451 0.00590482
13.7647 0.00605033
14.7843 0.00578759
15.8039 0.00519884
16.8235 0.00433851
17.8431 0.00357653
18.8627 0.00294236
19.8824 0.00239303
20.902 0.00208113
21.9216 0.00189665
22.9412 0.00132361
23.9608 0.00061347
24.9804 0.000195261
26 0


# t = 91
-26 0
-24.9804 -7.19879e-05
-23.9608 5.44752e-06
-22.9412 0.00015671
-21.9216 0.000406048
-20.902 0.0013653
-19.8824 0.00218276
-18.8627 0.00264299
-17.8431 0.00253907
-16.8235 0.0029778
-15.8039 0.00401484
-14.7843 0.00479663
-13.7647 0.00543887
-12.7451 0.00579867
-11.7255 0.00552848
-10.7059 0.00478639
-9.68627 0.00375131
-8.66667 0.00241718
-7.64706 0.000860208
-6.62745 -0.000502639
-5.60784 -0.00180136
-4.58824 -0.00277084
-3.56863 -0.00416861
-2.54902 -0.00545165
-1.52941 -0.00630162
-0.509804 -0.00695969
0.509804 -0.00695969
1.52941 -0.00630162
2.54902 -0.00545165
3.56863 -0.00416861
4.58824 -0.00277084
5.60784 -0.00180136
6.62745 -0.000502639
7.64706 0.000860208
8.66667 0.00241718
9.68627 0.00375131
10.7059 0.00478639
11.7255 0.00552848
12.7451 0.00579867
13.7647 0.00543887
14.7843 0.00479663
15.8039 0.00401484
16.8235 0.0029778
17.8431 0.00253907
18.8627 0.00264299
19.8824 0.00218276
20.902 0.0013653
21.9216 0.000406048
22.9412 0.00015671
23.9608 5.44752e-06
24.9804 -7.19879e-05
26 0


# t = 92
-26 0
-24.9804 -0.00019255
-23.9608 -0.000493409
-22.9412 -0.000819004
-21.9216 -0.000401386
-20.902 0.000584558
-19.8824 0.00163063
-18.8627 0.00188341
-17.8431 0.00202301
-16.8235 0.00221828
-15.8039 0.00269782
-14.7843 0.00370063
-13.7647 0.0045659
-12.7451 0.00510725
-11.7255 0.00526534
-10.7059 0.00502592
-9.68627 0.00460537
-8.66667 0.00352253
-7.64706 0.00193288
-6.62745 0.000541548
-5.60784 -0.000435415
-4.58824 -0.00175614
-3.56863 -0.00273329
-2.54902 -0.0034991
-1.52941 -0.00433641
-0.509804 -0.00478245
0.509804 -0.00478245
1.52941 -0.00433641
2.54902 -0.0034991
3.56863 -0.00273329
4.58824 -0.00175614
5.60784 -0.000435415
6.62745 0.000541548
7.64706 0.00193288
8.66667 0.00352253
9.68627 0.00460537
10.7059 0.00502592
11.7255 0.00526534
12.7451 0.00510725
13.7647 0.0045659
14.7843 0.00370063
15.8039 0.00269782
16.8235 0.00221828
17.8431 0.00202301
18.8627 0.00188341
19.8824 0.00163063
20.902 0.000584558
21.9216 -0.000401386
22.9412 -0.000819004
23.9608 -0.000493409
24.9804 -0.00019255
26 0


# t = 93
-26 0
-24.9804 -0.000402122
-23.9608 -0.000949288
-22.9412 -0.00107155
-21.9216 -0.000628563
-20.902 -0.000119828
-19.8824 0.000418235
-18.8627 0.00101762
-17.8431 0.00159114
-16.8235 0.00177763
-15.8039 0.00190632
-14.7843 0.00255257
-13.7647 0.0034241
-12.7451 0.00407432
-11.7255 0.00463707
-10.7059 0.00503115
-9.68627 0.00480304
-8.66667 0.00410718
-7.64706 0.00311786
-6.62745 0.00188248
-5.60784 0.000613956
-4.58824 -0.000503486
-3.56863 -0.00116956
-2.54902 -0.00166696
-1.52941 -0.00210735
-0.509804 -0.00227567
0.509804 -0.00227567
1.52941 -0.00210735
2.54902 -0.00166696
3.56863 -0.00116956
4.58824 -0.000503486
5.60784 0.000613956
6.62745 0.00188248
7.64706 0.00311786
8.66667 0.00410718
9.68627 0.00480304
10.7059 0.00503115
11.7255 0.00463707
12.7451 0.00407432
13.7647 0.0034241
14.7843 0.00255257
15.8039 0.00190632
16.8235 0.00177763
17.8431 0.00159114
18.8627 0.00101762
19.8824 0.000418235
20.902 -0.000119828
21.9216 -0.000628563
22.9412 -0.00107155
23.9608 -0.000949288
24.9804 -0.000402122
26 0


# t = 94
-26 0
-24.9804 -0.00069989
-23.9608 -0.000989913
-22.9412 -0.000793432
-21.9216 -0.000750652
-20.902 -0.000756197
-19.8824 -0.000681193
-18.8627 0.000151915
-17.8431 0.000841551
-16.8235 0.00131704
-15.8039 0.00161076
-14.7843 0.00167402
-13.7647 0.00215641
-12.7451 0.00299257
-11.7255 0.00384999
-10.7059 0.0044597
-9.68627 0.00453029
-8.66667 0.00436524
-7.64706 0.00401169
-6.62745 0.00312268
-5.60784 0.00176796
-4.58824 0.00109661
-3.56863 0.000494217
-2.54902 0.000151435
-1.52941 0.000260395
-0.509804 0.000280044
0.509804 0.000280044
1.52941 0.000260395
2.54902 0.000151435
3.56863 0.000494217
4.58824 0.00109661
5.60784 0.00176796
6.62745 0.00312268
7.64706 0.00401169
8.66667 0.00436524
9.68627 0.00453029
10.7059 0.0044597
11.7255 0.00384999
12.7451 0.00299257
13.7647 0.00215641
14.7843 0.00167402
15.8039 0.00161076
16.8235 0.00131704
17.8431 0.000841551
18.8627 0.000151915
19.8824 -0.000681193
20.902 -0.000756197
21.9216 -0.000750652
22.9412 -0.000793432
23.9608 -0.000989913
24.9804 -0.00069989
26 0


# t = 95
-26 0
-24.9804 -0.000599039
-23.9608 -0.000592912
-22.9412 -0.00063423
-21.9216 -0.000912965
-20.902 -0.00124731
-19.8824 -0.00107641
-18.8627 -0.000760794
-17.8431 -7.60591e-05
-16.8235 0.000694629
-15.8039 0.00114586
-14.7843 0.00120805
-13.7647 0.00128397
-12.7451 0.00198921
-11.7255 0.00285577
-10.7059 0.00342127
-9.68627 0.00402229
-8.66667 0.00439979
-7.64706 0.00435866
-6.62745 0.00390922
-5.60784 0.0034296
-4.58824 0.00273612
-3.56863 0.0023323
-2.54902 0.00228032
-1.52941 0.00246121
-0.509804 0.00268581
0.509804 0.00268581
1.52941 0.00246121
2.54902 0.00228032
3.56863 0.0023323
4.58824 0.00273612
5.60784 0.0034296
6.62745 0.00390922
7.64706 0.00435866
8.66667 0.00439979
9.68627 0.00402229
10.7059 0.00342127
11.7255 0.00285577
12.7451 0.00198921
13.7647 0.00128397
14.7843 0.00120805
15.8039 0.00114586
16.8235 0.000694629
17.8431 -7.60591e-05
18.8627 -0.000760794
19.8824 -0.00107641
20.902 -0.00124731
21.9216 -0.000912965
22.9412 -0.00063423
23.9608 -0.000592912
24.9804 -0.000599039
26 0


# t = 96
-26 0
-24.9804 1.58229e-05
-23.9608 -0.00023345
-22.9412 -0.000694102
-21.9216 -0.00109849
-20.902 -0.00127283
-19.8824 -0.00127265
-18.8627 -0.00129565
-17.8431 -0.000871123
-16.8235 -0.000191528
-15.8039 0.000349258
-14.7843 0.000791947
-13.7647 0.00100833
-12.7451 0.00119503
-11.7255 0.00166327
-10.7059 0.00243196
-9.68627 0.00332264
-8.66667 0.00403208
-7.64706 0.00430828
-6.62745 0.00459201
-5.60784 0.00484095
-4.58824 0.00455313
-3.56863 0.00441575
-2.54902 0.00452966
-1.52941 0.00459157
-0.509804 0.00476776
0.509804 0.00476776
1.52941 0.00459157
2.54902 0.00452966
3.56863 0.00441575
4.58824 0.00455313
5.60784 0.00484095
6.62745 0.00459201
7.64706 0.00430828
8.66667 0.00403208
9.68627 0.00332264
10.7059 0.00243196
11.7255 0.00166327
12.7451 0.00119503
13.7647 0.00100833
14.7843 0.000791947
15.8039 0.000349258
16.8235 -0.000191528
17.8431 -0.000871123
18.8627 -0.00129565
19.8824 -0.00127265
20.902 -0.00127283
21.9216 -0.00109849
22.9412 -0.000694102
23.9608 -0.00023345
24.9804 1.58229e-05
26 0


# t = 97
-26 0
-24.9804 0.000358469
-23.9608 -8.7103e-05
-22.9412 -0.000701322
-21.9216 -0.00106201
-20.902 -0.00113363
-19.8824 -0.00144032
-18.8627 -0.00140361
-17.8431 -0.00138764
-16.8235 -0.00114384
-15.8039 -0.000515438
-14.7843 0.00019321
-13.7647 0.000724157
-12.7451 0.000699818
-11.7255 0.000814011
-10.7059 0.00160416
-9.68627 0.00248176
-8.66667 0.003298
-7.64706 0.00423763
-6.62745 0.00517801
-5.60784 0.00572689
-4.58824 0.00639234
-3.56863 0.00661922
-2.54902 0.00664594
-1.52941 0.00670106
-0.509804 0.00659109
0.509804 0.00659109
1.52941 0.00670106
2.54902 0.00664594
3.56863 0.00661922
4.58824 0.00639234
5.60784 0.00572689
6.62745 0.00517801
7.64706 0.00423763
8.66667 0.003298
9.68627 0.00248176
10.7059 0.00160416
11.7255 0.000814011
12.7451 0.000699818
13.7647 0.000724157
14.7843 0.00019321
15.8039 -0.000515438
16.8235 -0.00114384
17.8431 -0.00138764
18.8627 -0.00140361
19.8824 -0.00144032
20.902 -0.00113363
21.9216 -0.00106201
22.9412 -0.000701322
23.9608 -8.7103e-05
24.9804 0.000358469
26 0


# t = 98
-26 0
-24.9804 -1.98288e-05
-23.9608 -0.000127847
-22.9412 -0.00048199
-21.9216 -0.00077686
-20.902 -0.00116453
-19.8824 -0.00131952
-18.8627 -0.00148843
-17.8431 -0.00165941
-16.8235 -0.00169816
-15.8039 -0.0012553
-14.7843 -0.000558921
-13.7647 -2.73671e-05
-12.7451 0.00035608
-11.7255 0.000603825
-10.7059 0.000931075
-9.68627 0.00164266
-8.66667 0.00270279
-7.64706 0.00415435
-6.62745 0.00540474
-5.60784 0.00661774
-4.58824 0.00775724
-3.56863 0.00851562
-2.54902 0.00865939
-1.52941 0.00857264
-0.509804 0.00841579
0.509804 0.00841579
1.52941 0.00857264
2.54902 0.00865939
3.56863 0.00851562
4.58824 0.00775724
5.60784 0.00661774
6.62745 0.00540474
7.64706 0.00415435
8.66667 0.00270279
9.68627 0.00164266
10.7059 0.000931075
11.7255 0.000603825
12.7451 0.00035608
13.7647 -2.73671e-05
14.7843 -0.000558921
15.8039 -0.0012553
16.8235 -0.00169816
17.8431 -0.00165941
18.8627 -0.00148843
19.8824 -0.00131952
20.902 -0.00116453
21.9216 -0.00077686
22.9412 -0.00048199
23.9608 -0.000127847
24.9804 -1.98288e-05
26 0


# t = 99
-26 0
-24.9804 -0.000470894
-23.9608 -0.000380669
-22.9412 -0.000243547
-21.9216 -0.000567577
-20.902 -0.000999886
-19.8824 -0.00120227
-18.8627 -0.00156345
-17.8431 -0.00177374
-16.8235 -0.00178561
-15.8039 -0.00172017
-14.7843 -0.00140949
-13.7647 -0.00088831
-12.7451 -9.20173e-05
-11.7255 0.000488129
-10.7059 0.000649458
-9.68627 0.0011941
-8.66667 0.00248379
-7.64706 0.00392381
-6.62745 0.00557087
-5.60784 0.00737506
-4.58824 0.00868303
-3.56863 0.00975006
-2.54902 0.0103318
-1.52941 0.0102868
-0.509804 0.0102911
0.509804 0.0102911
1.52941 0.0102868
2.54902 0.0103318
3.56863 0.00975006
4.58824 0.00868303
5.60784 0.00737506
6.62745 0.00557087
7.64706 0.00392381
8.66667 0.00248379
9.68627 0.0011941
10.7059 0.000649458
11.7255 0.000488129
12.7451 -9.20173e-05
13.7647 -0.00088831
14.7843 -0.00140949
15.8039 -0.00172017
16.8235 -0.00178561
17.8431 -0.00177374
18.8627 -0.00156345
19.8824 -0.00120227
20.902 -0.000999886
21.9216 -0.000567577
22.9412 -0.000243547
23.9608 -0.000380669
24.9804 -0.000470894
26 0


# t = 100
-26 0
-24.9804 -0.000412792
-23.9608 -0.000574312
-22.9412 -0.000418457
-21.9216 -0.000476469
-20.902 -0.000661759
-19.8824 -0.00120397
-18.8627 -0.00150215
-17.8431 -0.00169703
-16.8235 -0.00177433
-15.8039 -0.00193258
-14.7843 -0.00200398
-13.7647 -0.00146981
-12.7451 -0.000713397
-11.7255 2.73641e-05
-10.7059 0.000732743
-9.68627 0.00144365
-8.66667 0.00246476
-7.64706 0.00390243
-6.62745 0.00584624
-5.60784 0.00766175
-4.58824 0.00929395
-3.56863 0.0104508
-2.54902 0.0113538
-1.52941 0.0119194
-0.509804 0.0120729
0.509804 0.0120729
1.52941 0.0119194
2.54902 0.0113538
3.56863 0.0104508
4.58824 0.00929395
5.60784 0.00766175
6.62745 0.00584624
7.64706 0.00390243
8.66667 0.00246476
9.68627 0.00144365
10.7059 0.000732743
11.7255 2.73641e-05
12.7451 -0.000713397
13.7647 -0.00146981
14.7843 -0.00200398
15.8039 -0.00193258
16.8235 -0.00177433
17.8431 -0.00169703
18.8627 -0.00150215
19.8824 -0.00120397
20.902 -0.000661759
21.9216 -0.000476469
22.9412 -0.000418457
23.9608 -0.000574312
24.9804 -0.000412792
26 0
