#c        1
#tau      20
#x1       -26
#x2       26
#runtime  100
#dx       1
#outtime  1
#filename results.dat
#ngrid (derived) 52
#dt    (derived) 0.5
#nsteps(derived) 200
#nper  (derived) 2

#t = 0
-26 0
-24.9804 0
-23.9608 0
-22.9412 0
-21.9216 0
-20.902 0
-19.8824 0
-18.8627 0
-17.8431 0
-16.8235 0
-15.8039 0
-14.7843 0
-13.7647 0
-12.7451 0
-11.7255 0
-10.7059 0
-9.68627 0
-8.66667 0
-7.64706 0
-6.62745 0
-5.60784 0
-4.58824 0
-3.56863 0
-2.54902 0
-1.52941 0
-0.509804 0
0.509804 0
1.52941 0
2.54902 0
3.56863 0
4.58824 0
5.60784 0
6.62745 0
7.64706 0
8.66667 0
9.68627 0
10.7059 0
11.7255 0
12.7451 0
13.7647 0
14.7843 0
15.8039 0
16.8235 0
17.8431 0
18.8627 0
19.8824 0
20.902 0
21.9216 0
22.9412 0
23.9608 0
24.9804 0
26 0


# t = 1
-26 0
-24.9804 2
-23.9608 2
-22.9412 2
-21.9216 2
-20.902 2
-19.8824 2
-18.8627 2
-17.8431 2
-16.8235 2
-15.8039 2
-14.7843 2
-13.7647 2
-12.7451 2
-11.7255 2
-10.7059 2
-9.68627 2
-8.66667 2
-7.64706 2
-6.62745 2
-5.60784 2
-4.58824 2
-3.56863 2
-2.54902 2
-1.52941 2
-0.509804 2
0.509804 2
1.52941 2
2.54902 2
3.56863 2
4.58824 2
5.60784 2
6.62745 2
7.64706 2
8.66667 2
9.68627 2
10.7059 2
11.7255 2
12.7451 2
13.7647 2
14.7843 2
15.8039 2
16.8235 2
17.8431 2
18.8627 2
19.8824 2
20.902 2
21.9216 2
22.9412 2
23.9608 2
24.9804 2
26 0


# t = 2
-26 0
-24.9804 2
-23.9608 2
-22.9412 2
-21.9216 2
-20.902 2
-19.8824 2
-18.8627 2
-17.8431 2
-16.8235 2
-15.8039 2
-14.7843 2
-13.7647 2
-12.7451 2
-11.7255 2
-10.7059 2
-9.68627 2
-8.66667 2
-7.64706 2
-6.62745 2
-5.60784 2
-4.58824 2
-3.56863 2
-2.54902 2
-1.52941 2
-0.509804 2
0.509804 2
1.52941 2
2.54902 2
3.56863 2
4.58824 2
5.60784 2
6.62745 2
7.64706 2
8.66667 2
9.68627 2
10.7059 2
11.7255 2
12.7451 2
13.7647 2
14.7843 2
15.8039 2
16.8235 2
17.8431 2
18.8627 2
19.8824 2
20.902 2
21.9216 2
22.9412 2
23.9608 2
24.9804 2
26 0


# t = 3
-26 0
-24.9804 2
-23.9608 2
-22.9412 2
-21.9216 2
-20.902 2
-19.8824 2
-18.8627 2
-17.8431 2
-16.8235 2
-15.8039 2
-14.7843 2
-13.7647 2
-12.7451 2
-11.7255 2
-10.7059 2
-9.68627 2
-8.66667 2
-7.64706 2
-6.62745 2
-5.60784 2
-4.58824 2
-3.56863 2
-2.54902 2
-1.52941 2
-0.509804 2
0.509804 2
1.52941 2
2.54902 2
3.56863 2
4.58824 2
5.60784 2
6.62745 2
7.64706 2
8.66667 2
9.68627 2
10.7059 2
11.7255 2
12.7451 2
13.7647 2
14.7843 2
15.8039 2
16.8235 2
17.8431 2
18.8627 2
19.8824 2
20.902 2
21.9216 2
22.9412 2
23.9608 2
24.9804 2
26 0


# t = 4
-26 0
-24.9804 2
-23.9608 2
-22.9412 2
-21.9216 2
-20.902 2
-19.8824 2
-18.8627 2
-17.8431 2
-16.8235 2
-15.8039 2
-14.7843 2
-13.7647 2
-12.7451 2
-11.7255 2
-10.7059 2
-9.68627 2
-8.66667 2
-7.64706 2
-6.62745 2
-5.60784 2
-4.58824 2
-3.56863 2
-2.54902 2
-1.52941 2
-0.509804 2
0.509804 2
1.52941 2
2.54902 2
3.56863 2
4.58824 2
5.60784 2
6.62745 2
7.64706 2
8.66667 2
9.68627 2
10.7059 2
11.7255 2
12.7451 2
13.7647 2
14.7843 2
15.8039 2
16.8235 2
17.8431 2
18.8627 2
19.8824 2
20.902 2
21.9216 2
22.9412 2
23.9608 2
24.9804 2
26 0


# t = 5
-26 0
-24.9804 2
-23.9608 2
-22.9412 2
-21.9216 2
-20.902 2
-19.8824 2
-18.8627 2
-17.8431 2
-16.8235 2
-15.8039 2
-14.7843 2
-13.7647 2
-12.7451 2
-11.7255 2
-10.7059 2
-9.68627 2
-8.66667 2
-7.64706 2
-6.62745 2
-5.60784 2
-4.58824 2
-3.56863 2
-2.54902 2
-1.52941 2
-0.509804 2
0.509804 2
1.52941 2
2.54902 2
3.56863 2
4.58824 2
5.60784 2
6.62745 2
7.64706 2
8.66667 2
9.68627 2
10.7059 2
11.7255 2
12.7451 2
13.7647 2
14.7843 2
15.8039 2
16.8235 2
17.8431 2
18.8627 2
19.8824 2
20.902 2
21.9216 2
22.9412 2
23.9608 2
24.9804 2
26 0


# t = 6
-26 0
-24.9804 2
-23.9608 2
-22.9412 2
-21.9216 2
-20.902 2
-19.8824 2
-18.8627 2
-17.8431 2
-16.8235 2
-15.8039 2
-14.7843 2
-13.7647 2
-12.7451 2
-11.7255 2
-10.7059 2
-9.68627 2
-8.66667 2
-7.64706 2
-6.62745 2
-5.60784 2
-4.58824 2
-3.56863 2
-2.54902 2
-1.52941 2
-0.509804 2
0.509804 2
1.52941 2
2.54902 2
3.56863 2
4.58824 2
5.60784 2
6.62745 2
7.64706 2
8.66667 2
9.68627 2
10.7059 2
11.7255 2
12.7451 2
13.7647 2
14.7843 2
15.8039 2
16.8235 2
17.8431 2
18.8627 2
19.8824 2
20.902 2
21.9216 2
22.9412 2
23.9608 2
24.9804 2
26 0


# t = 7
-26 0
-24.9804 2
-23.9608 2
-22.9412 2
-21.9216 2
-20.902 2
-19.8824 2
-18.8627 2
-17.8431 2
-16.8235 2
-15.8039 2
-14.7843 2
-13.7647 2
-12.7451 2
-11.7255 2
-10.7059 2
-9.68627 2
-8.66667 2
-7.64706 2
-6.62745 2
-5.60784 2
-4.58824 2
-3.56863 2
-2.54902 2
-1.52941 2
-0.509804 2
0.509804 2
1.52941 2
2.54902 2
3.56863 2
4.58824 2
5.60784 2
6.62745 2
7.64706 2
8.66667 2
9.68627 2
10.7059 2
11.7255 2
12.7451 2
13.7647 2
14.7843 2
15.8039 2
16.8235 2
17.8431 2
18.8627 2
19.8824 2
20.902 2
21.9216 2
22.9412 2
23.9608 2
24.9804 2
26 0


# t = 8
-26 0
-24.9804 2
-23.9608 2
-22.9412 2
-21.9216 2
-20.902 2
-19.8824 2
-18.8627 2
-17.8431 2
-16.8235 2
-15.8039 2
-14.7843 2
-13.7647 2
-12.7451 2
-11.7255 2
-10.7059 2
-9.68627 2
-8.66667 2
-7.64706 2
-6.62745 2
-5.60784 2
-4.58824 2
-3.56863 2
-2.54902 2
-1.52941 2
-0.509804 2
0.509804 2
1.52941 2
2.54902 2
3.56863 2
4.58824 2
5.60784 2
6.62745 2
7.64706 2
8.66667 2
9.68627 2
10.7059 2
11.7255 2
12.7451 2
13.7647 2
14.7843 2
15.8039 2
16.8235 2
17.8431 2
18.8627 2
19.8824 2
20.902 2
21.9216 2
22.9412 2
23.9608 2
24.9804 2
26 0


# t = 9
-26 0
-24.9804 2
-23.9608 2
-22.9412 2
-21.9216 2
-20.902 2
-19.8824 2
-18.8627 2
-17.8431 2
-16.8235 2
-15.8039 2
-14.7843 2
-13.7647 2
-12.7451 2
-11.7255 2
-10.7059 2
-9.68627 2
-8.66667 2
-7.64706 2
-6.62745 2
-5.60784 2
-4.58824 2
-3.56863 2
-2.54902 2
-1.52941 2
-0.509804 2
0.509804 2
1.52941 2
2.54902 2
3.56863 2
4.58824 2
5.60784 2
6.62745 2
7.64706 2
8.66667 2
9.68627 2
10.7059 2
11.7255 2
12.7451 2
13.7647 2
14.7843 2
15.8039 2
16.8235 2
17.8431 2
18.8627 2
19.8824 2
20.902 2
21.9216 2
22.9412 2
23.9608 2
24.9804 2
26 0


# t = 10
-26 0
-24.9804 2
-23.9608 2
-22.9412 2
-21.9216 2
-20.902 2
-19.8824 2
-18.8627 2
-17.8431 2
-16.8235 2
-15.8039 2
-14.7843 2
-13.7647 2
-12.7451 2
-11.7255 2
-10.7059 2
-9.68627 2
-8.66667 2
-7.64706 2
-6.62745 2
-5.60784 2
-4.58824 2
-3.56863 2
-2.54902 2
-1.52941 2
-0.509804 2
0.509804 2
1.52941 2
2.54902 2
3.56863 2
4.58824 2
5.60784 2
6.62745 2
7.64706 2
8.66667 2
9.68627 2
10.7059 2
11.7255 2
12.7451 2
13.7647 2
14.7843 2
15.8039 2
16.8235 2
17.8431 2
18.8627 2
19.8824 2
20.902 2
21.9216 2
22.9412 2
23.9608 2
24.9804 2
26 0


# t = 11
-26 0
-24.9804 2
-23.9608 2
-22.9412 2
-21.9216 2
-20.902 2
-19.8824 2
-18.8627 2
-17.8431 2
-16.8235 2
-15.8039 2
-14.7843 2
-13.7647 2
-12.7451 2
-11.7255 2
-10.7059 2
-9.68627 2
-8.66667 2
-7.64706 2
-6.62745 2
-5.60784 2
-4.58824 2
-3.56863 2
-2.54902 2
-1.52941 2
-0.509804 2
0.509804 2
1.52941 2
2.54902 2
3.56863 2
4.58824 2
5.60784 2
6.62745 2
7.64706 2
8.66667 2
9.68627 2
10.7059 2
11.7255 2
12.7451 2
13.7647 2
14.7843 2
15.8039 2
16.8235 2
17.8431 2
18.8627 2
19.8824 2
20.902 2
21.9216 2
22.9412 2
23.9608 2
24.9804 2
26 0


# t = 12
-26 0
-24.9804 2
-23.9608 2
-22.9412 2
-21.9216 2
-20.902 2
-19.8824 2
-18.8627 2
-17.8431 2
-16.8235 2
-15.8039 2
-14.7843 2
-13.7647 2
-12.7451 2
-11.7255 2
-10.7059 2
-9.68627 2
-8.66667 2
-7.64706 2
-6.62745 2
-5.60784 2
-4.58824 2
-3.56863 2
-2.54902 2
-1.52941 2
-0.509804 2
0.509804 2
1.52941 2
2.54902 2
3.56863 2
4.58824 2
5.60784 2
6.62745 2
7.64706 2
8.66667 2
9.68627 2
10.7059 2
11.7255 2
12.7451 2
13.7647 2
14.7843 2
15.8039 2
16.8235 2
17.8431 2
18.8627 2
19.8824 2
20.902 2
21.9216 2
22.9412 2
23.9608 2
24.9804 2
26 0


# t = 13
-26 0
-24.9804 2
-23.9608 2
-22.9412 2
-21.9216 2
-20.902 2
-19.8824 2
-18.8627 2
-17.8431 2
-16.8235 2
-15.8039 2
-14.7843 2
-13.7647 2
-12.7451 2
-11.7255 2
-10.7059 2
-9.68627 2
-8.66667 2
-7.64706 2
-6.62745 2
-5.60784 2
-4.58824 2
-3.56863 2
-2.54902 2
-1.52941 2
-0.509804 2
0.509804 2
1.52941 2
2.54902 2
3.56863 2
4.58824 2
5.60784 2
6.62745 2
7.64706 2
8.66667 2
9.68627 2
10.7059 2
11.7255 2
12.7451 2
13.7647 2
14.7843 2
15.8039 2
16.8235 2
17.8431 2
18.8627 2
19.8824 2
20.902 2
21.9216 2
22.9412 2
23.9608 2
24.9804 2
26 0


# t = 14
-26 0
-24.9804 2
-23.9608 2
-22.9412 2
-21.9216 2
-20.902 2
-19.8824 2
-18.8627 2
-17.8431 2
-16.8235 2
-15.8039 2
-14.7843 2
-13.7647 2
-12.7451 2
-11.7255 2
-10.7059 2
-9.68627 2
-8.66667 2
-7.64706 2
-6.62745 2
-5.60784 2
-4.58824 2
-3.56863 2
-2.54902 2
-1.52941 2
-0.509804 2
0.509804 2
1.52941 2
2.54902 2
3.56863 2
4.58824 2
5.60784 2
6.62745 2
7.64706 2
8.66667 2
9.68627 2
10.7059 2
11.7255 2
12.7451 2
13.7647 2
14.7843 2
15.8039 2
16.8235 2
17.8431 2
18.8627 2
19.8824 2
20.902 2
21.9216 2
22.9412 2
23.9608 2
24.9804 2
26 0


# t = 15
-26 0
-24.9804 2
-23.9608 2
-22.9412 2
-21.9216 2
-20.902 2
-19.8824 2
-18.8627 2
-17.8431 2
-16.8235 2
-15.8039 2
-14.7843 2
-13.7647 2
-12.7451 2
-11.7255 2
-10.7059 2
-9.68627 2
-8.66667 2
-7.64706 2
-6.62745 2
-5.60784 2
-4.58824 2
-3.56863 2
-2.54902 2
-1.52941 2
-0.509804 2
0.509804 2
1.52941 2
2.54902 2
3.56863 2
4.58824 2
5.60784 2
6.62745 2
7.64706 2
8.66667 2
9.68627 2
10.7059 2
11.7255 2
12.7451 2
13.7647 2
14.7843 2
15.8039 2
16.8235 2
17.8431 2
18.8627 2
19.8824 2
20.902 2
21.9216 2
22.9412 2
23.9608 2
24.9804 2
26 0


# t = 16
-26 0
-24.9804 2
-23.9608 2
-22.9412 2
-21.9216 2
-20.902 2
-19.8824 2
-18.8627 2
-17.8431 2
-16.8235 2
-15.8039 2
-14.7843 2
-13.7647 2
-12.7451 2
-11.7255 2
-10.7059 2
-9.68627 2
-8.66667 2
-7.64706 2
-6.62745 2
-5.60784 2
-4.58824 2
-3.56863 2
-2.54902 2
-1.52941 2
-0.509804 2
0.509804 2
1.52941 2
2.54902 2
3.56863 2
4.58824 2
5.60784 2
6.62745 2
7.64706 2
8.66667 2
9.68627 2
10.7059 2
11.7255 2
12.7451 2
13.7647 2
14.7843 2
15.8039 2
16.8235 2
17.8431 2
18.8627 2
19.8824 2
20.902 2
21.9216 2
22.9412 2
23.9608 2
24.9804 2
26 0


# t = 17
-26 0
-24.9804 2
-23.9608 2
-22.9412 2
-21.9216 2
-20.902 2
-19.8824 2
-18.8627 2
-17.8431 2
-16.8235 2
-15.8039 2
-14.7843 2
-13.7647 2
-12.7451 2
-11.7255 2
-10.7059 2
-9.68627 2
-8.66667 2
-7.64706 2
-6.62745 2
-5.60784 2
-4.58824 2
-3.56863 2
-2.54902 2
-1.52941 2
-0.509804 2
0.509804 2
1.52941 2
2.54902 2
3.56863 2
4.58824 2
5.60784 2
6.62745 2
7.64706 2
8.66667 2
9.68627 2
10.7059 2
11.7255 2
12.7451 2
13.7647 2
14.7843 2
15.8039 2
16.8235 2
17.8431 2
18.8627 2
19.8824 2
20.902 2
21.9216 2
22.9412 2
23.9608 2
24.9804 2
26 0


# t = 18
-26 0
-24.9804 2
-23.9608 2
-22.9412 2
-21.9216 2
-20.902 2
-19.8824 2
-18.8627 2
-17.8431 2
-16.8235 2
-15.8039 2
-14.7843 2
-13.7647 2
-12.7451 2
-11.7255 2
-10.7059 2
-9.68627 2
-8.66667 2
-7.64706 2
-6.62745 2
-5.60784 2
-4.58824 2
-3.56863 2
-2.54902 2
-1.52941 2
-0.509804 2
0.509804 2
1.52941 2
2.54902 2
3.56863 2
4.58824 2
5.60784 2
6.62745 2
7.64706 2
8.66667 2
9.68627 2
10.7059 2
11.7255 2
12.7451 2
13.7647 2
14.7843 2
15.8039 2
16.8235 2
17.8431 2
18.8627 2
19.8824 2
20.902 2
21.9216 2
22.9412 2
23.9608 2
24.9804 2
26 0


# t = 19
-26 0
-24.9804 2
-23.9608 2
-22.9412 2
-21.9216 2
-20.902 2
-19.8824 2
-18.8627 2
-17.8431 2
-16.8235 2
-15.8039 2
-14.7843 2
-13.7647 2
-12.7451 2
-11.7255 2
-10.7059 2
-9.68627 2
-8.66667 2
-7.64706 2
-6.62745 2
-5.60784 2
-4.58824 2
-3.56863 2
-2.54902 2
-1.52941 2
-0.509804 2
0.509804 2
1.52941 2
2.54902 2
3.56863 2
4.58824 2
5.60784 2
6.62745 2
7.64706 2
8.66667 2
9.68627 2
10.7059 2
11.7255 2
12.7451 2
13.7647 2
14.7843 2
15.8039 2
16.8235 2
17.8431 2
18.8627 2
19.8824 2
20.902 2
21.9216 2
22.9412 2
23.9608 2
24.9804 2
26 0


# t = 20
-26 0
-24.9804 2
-23.9608 2
-22.9412 2
-21.9216 2
-20.902 2
-19.8824 2
-18.8627 2
-17.8431 2
-16.8235 2
-15.8039 2
-14.7843 2
-13.7647 2
-12.7451 2
-11.7255 2
-10.7059 2
-9.68627 2
-8.66667 2
-7.64706 2
-6.62745 2
-5.60784 2
-4.58824 2
-3.56863 2
-2.54902 2
-1.52941 2
-0.509804 2
0.509804 2
1.52941 2
2.54902 2
3.56863 2
4.58824 2
5.60784 2
6.62745 2
7.64706 2
8.66667 2
9.68627 2
10.7059 2
11.7255 2
12.7451 2
13.7647 2
14.7843 2
15.8039 2
16.8235 2
17.8431 2
18.8627 2
19.8824 2
20.902 2
21.9216 2
22.9412 2
23.9608 2
24.9804 2
26 0


# t = 21
-26 0
-24.9804 2
-23.9608 2
-22.9412 2
-21.9216 2
-20.902 2
-19.8824 2
-18.8627 2
-17.8431 2
-16.8235 2
-15.8039 2
-14.7843 2
-13.7647 2
-12.7451 2
-11.7255 2
-10.7059 2
-9.68627 2
-8.66667 2
-7.64706 2
-6.62745 2
-5.60784 2
-4.58824 2
-3.56863 2
-2.54902 2
-1.52941 2
-0.509804 2
0.509804 2
1.52941 2
2.54902 2
3.56863 2
4.58824 2
5.60784 2
6.62745 2
7.64706 2
8.66667 2
9.68627 2
10.7059 2
11.7255 2
12.7451 2
13.7647 2
14.7843 2
15.8039 2
16.8235 2
17.8431 2
18.8627 2
19.8824 2
20.902 2
21.9216 2
22.9412 2
23.9608 2
24.9804 2
26 0


# t = 22
-26 0
-24.9804 2
-23.9608 2
-22.9412 2
-21.9216 2
-20.902 2
-19.8824 2
-18.8627 2
-17.8431 2
-16.8235 2
-15.8039 2
-14.7843 2
-13.7647 2
-12.7451 2
-11.7255 2
-10.7059 2
-9.68627 2
-8.66667 2
-7.64706 2
-6.62745 2
-5.60784 2
-4.58824 2
-3.56863 2
-2.54902 2
-1.52941 2
-0.509804 2
0.509804 2
1.52941 2
2.54902 2
3.56863 2
4.58824 2
5.60784 2
6.62745 2
7.64706 2
8.66667 2
9.68627 2
10.7059 2
11.7255 2
12.7451 2
13.7647 2
14.7843 2
15.8039 2
16.8235 2
17.8431 2
18.8627 2
19.8824 2
20.902 2
21.9216 2
22.9412 2
23.9608 2
24.9804 2
26 0


# t = 23
-26 0
-24.9804 2
-23.9608 2
-22.9412 2
-21.9216 2
-20.902 2
-19.8824 2
-18.8627 2
-17.8431 2
-16.8235 2
-15.8039 2
-14.7843 2
-13.7647 2
-12.7451 2
-11.7255 2
-10.7059 2
-9.68627 2
-8.66667 2
-7.64706 2
-6.62745 2
-5.60784 2
-4.58824 2
-3.56863 2
-2.54902 2
-1.52941 2
-0.509804 2
0.509804 2
1.52941 2
2.54902 2
3.56863 2
4.58824 2
5.60784 2
6.62745 2
7.64706 2
8.66667 2
9.68627 2
10.7059 2
11.7255 2
12.7451 2
13.7647 2
14.7843 2
15.8039 2
16.8235 2
17.8431 2
18.8627 2
19.8824 2
20.902 2
21.9216 2
22.9412 2
23.9608 2
24.9804 2
26 0


# t = 24
-26 0
-24.9804 2
-23.9608 2
-22.9412 2
-21.9216 2
-20.902 2
-19.8824 2
-18.8627 2
-17.8431 2
-16.8235 2
-15.8039 2
-14.7843 2
-13.7647 2
-12.7451 2
-11.7255 2
-10.7059 2
-9.68627 2
-8.66667 2
-7.64706 2
-6.62745 2
-5.60784 2
-4.58824 2
-3.56863 2
-2.54902 2
-1.52941 2
-0.509804 2
0.509804 2
1.52941 2
2.54902 2
3.56863 2
4.58824 2
5.60784 2
6.62745 2
7.64706 2
8.66667 2
9.68627 2
10.7059 2
11.7255 2
12.7451 2
13.7647 2
14.7843 2
15.8039 2
16.8235 2
17.8431 2
18.8627 2
19.8824 2
20.902 2
21.9216 2
22.9412 2
23.9608 2
24.9804 2
26 0


# t = 25
-26 0
-24.9804 2
-23.9608 2
-22.9412 2
-21.9216 2
-20.902 2
-19.8824 2
-18.8627 2
-17.8431 2
-16.8235 2
-15.8039 2
-14.7843 2
-13.7647 2
-12.7451 2
-11.7255 2
-10.7059 2
-9.68627 2
-8.66667 2
-7.64706 2
-6.62745 2
-5.60784 2
-4.58824 2
-3.56863 2
-2.54902 2
-1.52941 2
-0.509804 2
0.509804 2
1.52941 2
2.54902 2
3.56863 2
4.58824 2
5.60784 2
6.62745 2
7.64706 2
8.66667 2
9.68627 2
10.7059 2
11.7255 2
12.7451 2
13.7647 2
14.7843 2
15.8039 2
16.8235 2
17.8431 2
18.8627 2
19.8824 2
20.902 2
21.9216 2
22.9412 2
23.9608 2
24.9804 2
26 0


# t = 26
-26 0
-24.9804 2
-23.9608 2
-22.9412 2
-21.9216 2
-20.902 2
-19.8824 2
-18.8627 2
-17.8431 2
-16.8235 2
-15.8039 2
-14.7843 2
-13.7647 2
-12.7451 2
-11.7255 2
-10.7059 2
-9.68627 2
-8.66667 2
-7.64706 2
-6.62745 2
-5.60784 2
-4.58824 2
-3.56863 2
-2.54902 2
-1.52941 2
-0.509804 2
0.509804 2
1.52941 2
2.54902 2
3.56863 2
4.58824 2
5.60784 2
6.62745 2
7.64706 2
8.66667 2
9.68627 2
10.7059 2
11.7255 2
12.7451 2
13.7647 2
14.7843 2
15.8039 2
16.8235 2
17.8431 2
18.8627 2
19.8824 2
20.902 2
21.9216 2
22.9412 2
23.9608 2
24.9804 2
26 0


# t = 27
-26 0
-24.9804 2
-23.9608 2
-22.9412 2
-21.9216 2
-20.902 2
-19.8824 2
-18.8627 2
-17.8431 2
-16.8235 2
-15.8039 2
-14.7843 2
-13.7647 2
-12.7451 2
-11.7255 2
-10.7059 2
-9.68627 2
-8.66667 2
-7.64706 2
-6.62745 2
-5.60784 2
-4.58824 2
-3.56863 2
-2.54902 2
-1.52941 2
-0.509804 2
0.509804 2
1.52941 2
2.54902 2
3.56863 2
4.58824 2
5.60784 2
6.62745 2
7.64706 2
8.66667 2
9.68627 2
10.7059 2
11.7255 2
12.7451 2
13.7647 2
14.7843 2
15.8039 2
16.8235 2
17.8431 2
18.8627 2
19.8824 2
20.902 2
21.9216 2
22.9412 2
23.9608 2
24.9804 2
26 0


# t = 28
-26 0
-24.9804 2
-23.9608 2
-22.9412 2
-21.9216 2
-20.902 2
-19.8824 2
-18.8627 2
-17.8431 2
-16.8235 2
-15.8039 2
-14.7843 2
-13.7647 2
-12.7451 2
-11.7255 2
-10.7059 2
-9.68627 2
-8.66667 2
-7.64706 2
-6.62745 2
-5.60784 2
-4.58824 2
-3.56863 2
-2.54902 2
-1.52941 2
-0.509804 2
0.509804 2
1.52941 2
2.54902 2
3.56863 2
4.58824 2
5.60784 2
6.62745 2
7.64706 2
8.66667 2
9.68627 2
10.7059 2
11.7255 2
12.7451 2
13.7647 2
14.7843 2
15.8039 2
16.8235 2
17.8431 2
18.8627 2
19.8824 2
20.902 2
21.9216 2
22.9412 2
23.9608 2
24.9804 2
26 0


# t = 29
-26 0
-24.9804 2
-23.9608 2
-22.9412 2
-21.9216 2
-20.902 2
-19.8824 2
-18.8627 2
-17.8431 2
-16.8235 2
-15.8039 2
-14.7843 2
-13.7647 2
-12.7451 2
-11.7255 2
-10.7059 2
-9.68627 2
-8.66667 2
-7.64706 2
-6.62745 2
-5.60784 2
-4.58824 2
-3.56863 2
-2.54902 2
-1.52941 2
-0.509804 2
0.509804 2
1.52941 2
2.54902 2
3.56863 2
4.58824 2
5.60784 2
6.62745 2
7.64706 2
8.66667 2
9.68627 2
10.7059 2
11.7255 2
12.7451 2
13.7647 2
14.7843 2
15.8039 2
16.8235 2
17.8431 2
18.8627 2
19.8824 2
20.902 2
21.9216 2
22.9412 2
23.9608 2
24.9804 2
26 0


# t = 30
-26 0
-24.9804 2
-23.9608 2
-22.9412 2
-21.9216 2
-20.902 2
-19.8824 2
-18.8627 2
-17.8431 2
-16.8235 2
-15.8039 2
-14.7843 2
-13.7647 2
-12.7451 2
-11.7255 2
-10.7059 2
-9.68627 2
-8.66667 2
-7.64706 2
-6.62745 2
-5.60784 2
-4.58824 2
-3.56863 2
-2.54902 2
-1.52941 2
-0.509804 2
0.509804 2
1.52941 2
2.54902 2
3.56863 2
4.58824 2
5.60784 2
6.62745 2
7.64706 2
8.66667 2
9.68627 2
10.7059 2
11.7255 2
12.7451 2
13.7647 2
14.7843 2
15.8039 2
16.8235 2
17.8431 2
18.8627 2
19.8824 2
20.902 2
21.9216 2
22.9412 2
23.9608 2
24.9804 2
26 0


# t = 31
-26 0
-24.9804 2
-23.9608 2
-22.9412 2
-21.9216 2
-20.902 2
-19.8824 2
-18.8627 2
-17.8431 2
-16.8235 2
-15.8039 2
-14.7843 2
-13.7647 2
-12.7451 2
-11.7255 2
-10.7059 2
-9.68627 2
-8.66667 2
-7.64706 2
-6.62745 2
-5.60784 2
-4.58824 2
-3.56863 2
-2.54902 2
-1.52941 2
-0.509804 2
0.509804 2
1.52941 2
2.54902 2
3.56863 2
4.58824 2
5.60784 2
6.62745 2
7.64706 2
8.66667 2
9.68627 2
10.7059 2
11.7255 2
12.7451 2
13.7647 2
14.7843 2
15.8039 2
16.8235 2
17.8431 2
18.8627 2
19.8824 2
20.902 2
21.9216 2
22.9412 2
23.9608 2
24.9804 2
26 0


# t = 32
-26 0
-24.9804 2
-23.9608 2
-22.9412 2
-21.9216 2
-20.902 2
-19.8824 2
-18.8627 2
-17.8431 2
-16.8235 2
-15.8039 2
-14.7843 2
-13.7647 2
-12.7451 2
-11.7255 2
-10.7059 2
-9.68627 2
-8.66667 2
-7.64706 2
-6.62745 2
-5.60784 2
-4.58824 2
-3.56863 2
-2.54902 2
-1.52941 2
-0.509804 2
0.509804 2
1.52941 2
2.54902 2
3.56863 2
4.58824 2
5.60784 2
6.62745 2
7.64706 2
8.66667 2
9.68627 2
10.7059 2
11.7255 2
12.7451 2
13.7647 2
14.7843 2
15.8039 2
16.8235 2
17.8431 2
18.8627 2
19.8824 2
20.902 2
21.9216 2
22.9412 2
23.9608 2
24.9804 2
26 0


# t = 33
-26 0
-24.9804 2
-23.9608 2
-22.9412 2
-21.9216 2
-20.902 2
-19.8824 2
-18.8627 2
-17.8431 2
-16.8235 2
-15.8039 2
-14.7843 2
-13.7647 2
-12.7451 2
-11.7255 2
-10.7059 2
-9.68627 2
-8.66667 2
-7.64706 2
-6.62745 2
-5.60784 2
-4.58824 2
-3.56863 2
-2.54902 2
-1.52941 2
-0.509804 2
0.509804 2
1.52941 2
2.54902 2
3.56863 2
4.58824 2
5.60784 2
6.62745 2
7.64706 2
8.66667 2
9.68627 2
10.7059 2
11.7255 2
12.7451 2
13.7647 2
14.7843 2
15.8039 2
16.8235 2
17.8431 2
18.8627 2
19.8824 2
20.902 2
21.9216 2
22.9412 2
23.9608 2
24.9804 2
26 0


# t = 34
-26 0
-24.9804 2
-23.9608 2
-22.9412 2
-21.9216 2
-20.902 2
-19.8824 2
-18.8627 2
-17.8431 2
-16.8235 2
-15.8039 2
-14.7843 2
-13.7647 2
-12.7451 2
-11.7255 2
-10.7059 2
-9.68627 2
-8.66667 2
-7.64706 2
-6.62745 2
-5.60784 2
-4.58824 2
-3.56863 2
-2.54902 2
-1.52941 2
-0.509804 2
0.509804 2
1.52941 2
2.54902 2
3.56863 2
4.58824 2
5.60784 2
6.62745 2
7.64706 2
8.66667 2
9.68627 2
10.7059 2
11.7255 2
12.7451 2
13.7647 2
14.7843 2
15.8039 2
16.8235 2
17.8431 2
18.8627 2
19.8824 2
20.902 2
21.9216 2
22.9412 2
23.9608 2
24.9804 2
26 0


# t = 35
-26 0
-24.9804 2
-23.9608 2
-22.9412 2
-21.9216 2
-20.902 2
-19.8824 2
-18.8627 2
-17.8431 2
-16.8235 2
-15.8039 2
-14.7843 2
-13.7647 2
-12.7451 2
-11.7255 2
-10.7059 2
-9.68627 2
-8.66667 2
-7.64706 2
-6.62745 2
-5.60784 2
-4.58824 2
-3.56863 2
-2.54902 2
-1.52941 2
-0.509804 2
0.509804 2
1.52941 2
2.54902 2
3.56863 2
4.58824 2
5.60784 2
6.62745 2
7.64706 2
8.66667 2
9.68627 2
10.7059 2
11.7255 2
12.7451 2
13.7647 2
14.7843 2
15.8039 2
16.8235 2
17.8431 2
18.8627 2
19.8824 2
20.902 2
21.9216 2
22.9412 2
23.9608 2
24.9804 2
26 0


# t = 36
-26 0
-24.9804 2
-23.9608 2
-22.9412 2
-21.9216 2
-20.902 2
-19.8824 2
-18.8627 2
-17.8431 2
-16.8235 2
-15.8039 2
-14.7843 2
-13.7647 2
-12.7451 2
-11.7255 2
-10.7059 2
-9.68627 2
-8.66667 2
-7.64706 2
-6.62745 2
-5.60784 2
-4.58824 2
-3.56863 2
-2.54902 2
-1.52941 2
-0.509804 2
0.509804 2
1.52941 2
2.54902 2
3.56863 2
4.58824 2
5.60784 2
6.62745 2
7.64706 2
8.66667 2
9.68627 2
10.7059 2
11.7255 2
12.7451 2
13.7647 2
14.7843 2
15.8039 2
16.8235 2
17.8431 2
18.8627 2
19.8824 2
20.902 2
21.9216 2
22.9412 2
23.9608 2
24.9804 2
26 0


# t = 37
-26 0
-24.9804 2
-23.9608 2
-22.9412 2
-21.9216 2
-20.902 2
-19.8824 2
-18.8627 2
-17.8431 2
-16.8235 2
-15.8039 2
-14.7843 2
-13.7647 2
-12.7451 2
-11.7255 2
-10.7059 2
-9.68627 2
-8.66667 2
-7.64706 2
-6.62745 2
-5.60784 2
-4.58824 2
-3.56863 2
-2.54902 2
-1.52941 2
-0.509804 2
0.509804 2
1.52941 2
2.54902 2
3.56863 2
4.58824 2
5.60784 2
6.62745 2
7.64706 2
8.66667 2
9.68627 2
10.7059 2
11.7255 2
12.7451 2
13.7647 2
14.7843 2
15.8039 2
16.8235 2
17.8431 2
18.8627 2
19.8824 2
20.902 2
21.9216 2
22.9412 2
23.9608 2
24.9804 2
26 0


# t = 38
-26 0
-24.9804 2
-23.9608 2
-22.9412 2
-21.9216 2
-20.902 2
-19.8824 2
-18.8627 2
-17.8431 2
-16.8235 2
-15.8039 2
-14.7843 2
-13.7647 2
-12.7451 2
-11.7255 2
-10.7059 2
-9.68627 2
-8.66667 2
-7.64706 2
-6.62745 2
-5.60784 2
-4.58824 2
-3.56863 2
-2.54902 2
-1.52941 2
-0.509804 2
0.509804 2
1.52941 2
2.54902 2
3.56863 2
4.58824 2
5.60784 2
6.62745 2
7.64706 2
8.66667 2
9.68627 2
10.7059 2
11.7255 2
12.7451 2
13.7647 2
14.7843 2
15.8039 2
16.8235 2
17.8431 2
18.8627 2
19.8824 2
20.902 2
21.9216 2
22.9412 2
23.9608 2
24.9804 2
26 0


# t = 39
-26 0
-24.9804 2
-23.9608 2
-22.9412 2
-21.9216 2
-20.902 2
-19.8824 2
-18.8627 2
-17.8431 2
-16.8235 2
-15.8039 2
-14.7843 2
-13.7647 2
-12.7451 2
-11.7255 2
-10.7059 2
-9.68627 2
-8.66667 2
-7.64706 2
-6.62745 2
-5.60784 2
-4.58824 2
-3.56863 2
-2.54902 2
-1.52941 2
-0.509804 2
0.509804 2
1.52941 2
2.54902 2
3.56863 2
4.58824 2
5.60784 2
6.62745 2
7.64706 2
8.66667 2
9.68627 2
10.7059 2
11.7255 2
12.7451 2
13.7647 2
14.7843 2
15.8039 2
16.8235 2
17.8431 2
18.8627 2
19.8824 2
20.902 2
21.9216 2
22.9412 2
23.9608 2
24.9804 2
26 0


# t = 40
-26 0
-24.9804 2
-23.9608 2
-22.9412 2
-21.9216 2
-20.902 2
-19.8824 2
-18.8627 2
-17.8431 2
-16.8235 2
-15.8039 2
-14.7843 2
-13.7647 2
-12.7451 2
-11.7255 2
-10.7059 2
-9.68627 2
-8.66667 2
-7.64706 2
-6.62745 2
-5.60784 2
-4.58824 2
-3.56863 2
-2.54902 2
-1.52941 2
-0.509804 2
0.509804 2
1.52941 2
2.54902 2
3.56863 2
4.58824 2
5.60784 2
6.62745 2
7.64706 2
8.66667 2
9.68627 2
10.7059 2
11.7255 2
12.7451 2
13.7647 2
14.7843 2
15.8039 2
16.8235 2
17.8431 2
18.8627 2
19.8824 2
20.902 2
21.9216 2
22.9412 2
23.9608 2
24.9804 2
26 0


# t = 41
-26 0
-24.9804 2
-23.9608 2
-22.9412 2
-21.9216 2
-20.902 2
-19.8824 2
-18.8627 2
-17.8431 2
-16.8235 2
-15.8039 2
-14.7843 2
-13.7647 2
-12.7451 2
-11.7255 2
-10.7059 2
-9.68627 2
-8.66667 2
-7.64706 2
-6.62745 2
-5.60784 2
-4.58824 2
-3.56863 2
-2.54902 2
-1.52941 2
-0.509804 2
0.509804 2
1.52941 2
2.54902 2
3.56863 2
4.58824 2
5.60784 2
6.62745 2
7.64706 2
8.66667 2
9.68627 2
10.7059 2
11.7255 2
12.7451 2
13.7647 2
14.7843 2
15.8039 2
16.8235 2
17.8431 2
18.8627 2
19.8824 2
20.902 2
21.9216 2
22.9412 2
23.9608 2
24.9804 2
26 0


# t = 42
-26 0
-24.9804 2
-23.9608 2
-22.9412 2
-21.9216 2
-20.902 2
-19.8824 2
-18.8627 2
-17.8431 2
-16.8235 2
-15.8039 2
-14.7843 2
-13.7647 2
-12.7451 2
-11.7255 2
-10.7059 2
-9.68627 2
-8.66667 2
-7.64706 2
-6.62745 2
-5.60784 2
-4.58824 2
-3.56863 2
-2.54902 2
-1.52941 2
-0.509804 2
0.509804 2
1.52941 2
2.54902 2
3.56863 2
4.58824 2
5.60784 2
6.62745 2
7.64706 2
8.66667 2
9.68627 2
10.7059 2
11.7255 2
12.7451 2
13.7647 2
14.7843 2
15.8039 2
16.8235 2
17.8431 2
18.8627 2
19.8824 2
20.902 2
21.9216 2
22.9412 2
23.9608 2
24.9804 2
26 0


# t = 43
-26 0
-24.9804 2
-23.9608 2
-22.9412 2
-21.9216 2
-20.902 2
-19.8824 2
-18.8627 2
-17.8431 2
-16.8235 2
-15.8039 2
-14.7843 2
-13.7647 2
-12.7451 2
-11.7255 2
-10.7059 2
-9.68627 2
-8.66667 2
-7.64706 2
-6.62745 2
-5.60784 2
-4.58824 2
-3.56863 2
-2.54902 2
-1.52941 2
-0.509804 2
0.509804 2
1.52941 2
2.54902 2
3.56863 2
4.58824 2
5.60784 2
6.62745 2
7.64706 2
8.66667 2
9.68627 2
10.7059 2
11.7255 2
12.7451 2
13.7647 2
14.7843 2
15.8039 2
16.8235 2
17.8431 2
18.8627 2
19.8824 2
20.902 2
21.9216 2
22.9412 2
23.9608 2
24.9804 2
26 0


# t = 44
-26 0
-24.9804 2
-23.9608 2
-22.9412 2
-21.9216 2
-20.902 2
-19.8824 2
-18.8627 2
-17.8431 2
-16.8235 2
-15.8039 2
-14.7843 2
-13.7647 2
-12.7451 2
-11.7255 2
-10.7059 2
-9.68627 2
-8.66667 2
-7.64706 2
-6.62745 2
-5.60784 2
-4.58824 2
-3.56863 2
-2.54902 2
-1.52941 2
-0.509804 2
0.509804 2
1.52941 2
2.54902 2
3.56863 2
4.58824 2
5.60784 2
6.62745 2
7.64706 2
8.66667 2
9.68627 2
10.7059 2
11.7255 2
12.7451 2
13.7647 2
14.7843 2
15.8039 2
16.8235 2
17.8431 2
18.8627 2
19.8824 2
20.902 2
21.9216 2
22.9412 2
23.9608 2
24.9804 2
26 0


# t = 45
-26 0
-24.9804 2
-23.9608 2
-22.9412 2
-21.9216 2
-20.902 2
-19.8824 2
-18.8627 2
-17.8431 2
-16.8235 2
-15.8039 2
-14.7843 2
-13.7647 2
-12.7451 2
-11.7255 2
-10.7059 2
-9.68627 2
-8.66667 2
-7.64706 2
-6.62745 2
-5.60784 2
-4.58824 2
-3.56863 2
-2.54902 2
-1.52941 2
-0.509804 2
0.509804 2
1.52941 2
2.54902 2
3.56863 2
4.58824 2
5.60784 2
6.62745 2
7.64706 2
8.66667 2
9.68627 2
10.7059 2
11.7255 2
12.7451 2
13.7647 2
14.7843 2
15.8039 2
16.8235 2
17.8431 2
18.8627 2
19.8824 2
20.902 2
21.9216 2
22.9412 2
23.9608 2
24.9804 2
26 0


# t = 46
-26 0
-24.9804 2
-23.9608 2
-22.9412 2
-21.9216 2
-20.902 2
-19.8824 2
-18.8627 2
-17.8431 2
-16.8235 2
-15.8039 2
-14.7843 2
-13.7647 2
-12.7451 2
-11.7255 2
-10.7059 2
-9.68627 2
-8.66667 2
-7.64706 2
-6.62745 2
-5.60784 2
-4.58824 2
-3.56863 2
-2.54902 2
-1.52941 2
-0.509804 2
0.509804 2
1.52941 2
2.54902 2
3.56863 2
4.58824 2
5.60784 2
6.62745 2
7.64706 2
8.66667 2
9.68627 2
10.7059 2
11.7255 2
12.7451 2
13.7647 2
14.7843 2
15.8039 2
16.8235 2
17.8431 2
18.8627 2
19.8824 2
20.902 2
21.9216 2
22.9412 2
23.9608 2
24.9804 2
26 0


# t = 47
-26 0
-24.9804 2
-23.9608 2
-22.9412 2
-21.9216 2
-20.902 2
-19.8824 2
-18.8627 2
-17.8431 2
-16.8235 2
-15.8039 2
-14.7843 2
-13.7647 2
-12.7451 2
-11.7255 2
-10.7059 2
-9.68627 2
-8.66667 2
-7.64706 2
-6.62745 2
-5.60784 2
-4.58824 2
-3.56863 2
-2.54902 2
-1.52941 2
-0.509804 2
0.509804 2
1.52941 2
2.54902 2
3.56863 2
4.58824 2
5.60784 2
6.62745 2
7.64706 2
8.66667 2
9.68627 2
10.7059 2
11.7255 2
12.7451 2
13.7647 2
14.7843 2
15.8039 2
16.8235 2
17.8431 2
18.8627 2
19.8824 2
20.902 2
21.9216 2
22.9412 2
23.9608 2
24.9804 2
26 0


# t = 48
-26 0
-24.9804 2
-23.9608 2
-22.9412 2
-21.9216 2
-20.902 2
-19.8824 2
-18.8627 2
-17.8431 2
-16.8235 2
-15.8039 2
-14.7843 2
-13.7647 2
-12.7451 2
-11.7255 2
-10.7059 2
-9.68627 2
-8.66667 2
-7.64706 2
-6.62745 2
-5.60784 2
-4.58824 2
-3.56863 2
-2.54902 2
-1.52941 2
-0.509804 2
0.509804 2
1.52941 2
2.54902 2
3.56863 2
4.58824 2
5.60784 2
6.62745 2
7.64706 2
8.66667 2
9.68627 2
10.7059 2
11.7255 2
12.7451 2
13.7647 2
14.7843 2
15.8039 2
16.8235 2
17.8431 2
18.8627 2
19.8824 2
20.902 2
21.9216 2
22.9412 2
23.9608 2
24.9804 2
26 0


# t = 49
-26 0
-24.9804 2
-23.9608 2
-22.9412 2
-21.9216 2
-20.902 2
-19.8824 2
-18.8627 2
-17.8431 2
-16.8235 2
-15.8039 2
-14.7843 2
-13.7647 2
-12.7451 2
-11.7255 2
-10.7059 2
-9.68627 2
-8.66667 2
-7.64706 2
-6.62745 2
-5.60784 2
-4.58824 2
-3.56863 2
-2.54902 2
-1.52941 2
-0.509804 2
0.509804 2
1.52941 2
2.54902 2
3.56863 2
4.58824 2
5.60784 2
6.62745 2
7.64706 2
8.66667 2
9.68627 2
10.7059 2
11.7255 2
12.7451 2
13.7647 2
14.7843 2
15.8039 2
16.8235 2
17.8431 2
18.8627 2
19.8824 2
20.902 2
21.9216 2
22.9412 2
23.9608 2
24.9804 2
26 0


# t = 50
-26 0
-24.9804 2
-23.9608 2
-22.9412 2
-21.9216 2
-20.902 2
-19.8824 2
-18.8627 2
-17.8431 2
-16.8235 2
-15.8039 2
-14.7843 2
-13.7647 2
-12.7451 2
-11.7255 2
-10.7059 2
-9.68627 2
-8.66667 2
-7.64706 2
-6.62745 2
-5.60784 2
-4.58824 2
-3.56863 2
-2.54902 2
-1.52941 2
-0.509804 2
0.509804 2
1.52941 2
2.54902 2
3.56863 2
4.58824 2
5.60784 2
6.62745 2
7.64706 2
8.66667 2
9.68627 2
10.7059 2
11.7255 2
12.7451 2
13.7647 2
14.7843 2
15.8039 2
16.8235 2
17.8431 2
18.8627 2
19.8824 2
20.902 2
21.9216 2
22.9412 2
23.9608 2
24.9804 2
26 0


# t = 51
-26 0
-24.9804 2
-23.9608 2
-22.9412 2
-21.9216 2
-20.902 2
-19.8824 2
-18.8627 2
-17.8431 2
-16.8235 2
-15.8039 2
-14.7843 2
-13.7647 2
-12.7451 2
-11.7255 2
-10.7059 2
-9.68627 2
-8.66667 2
-7.64706 2
-6.62745 2
-5.60784 2
-4.58824 2
-3.56863 2
-2.54902 2
-1.52941 2
-0.509804 2
0.509804 2
1.52941 2
2.54902 2
3.56863 2
4.58824 2
5.60784 2
6.62745 2
7.64706 2
8.66667 2
9.68627 2
10.7059 2
11.7255 2
12.7451 2
13.7647 2
14.7843 2
15.8039 2
16.8235 2
17.8431 2
18.8627 2
19.8824 2
20.902 2
21.9216 2
22.9412 2
23.9608 2
24.9804 2
26 0


# t = 52
-26 0
-24.9804 2
-23.9608 2
-22.9412 2
-21.9216 2
-20.902 2
-19.8824 2
-18.8627 2
-17.8431 2
-16.8235 2
-15.8039 2
-14.7843 2
-13.7647 2
-12.7451 2
-11.7255 2
-10.7059 2
-9.68627 2
-8.66667 2
-7.64706 2
-6.62745 2
-5.60784 2
-4.58824 2
-3.56863 2
-2.54902 2
-1.52941 2
-0.509804 2
0.509804 2
1.52941 2
2.54902 2
3.56863 2
4.58824 2
5.60784 2
6.62745 2
7.64706 2
8.66667 2
9.68627 2
10.7059 2
11.7255 2
12.7451 2
13.7647 2
14.7843 2
15.8039 2
16.8235 2
17.8431 2
18.8627 2
19.8824 2
20.902 2
21.9216 2
22.9412 2
23.9608 2
24.9804 2
26 0


# t = 53
-26 0
-24.9804 2
-23.9608 2
-22.9412 2
-21.9216 2
-20.902 2
-19.8824 2
-18.8627 2
-17.8431 2
-16.8235 2
-15.8039 2
-14.7843 2
-13.7647 2
-12.7451 2
-11.7255 2
-10.7059 2
-9.68627 2
-8.66667 2
-7.64706 2
-6.62745 2
-5.60784 2
-4.58824 2
-3.56863 2
-2.54902 2
-1.52941 2
-0.509804 2
0.509804 2
1.52941 2
2.54902 2
3.56863 2
4.58824 2
5.60784 2
6.62745 2
7.64706 2
8.66667 2
9.68627 2
10.7059 2
11.7255 2
12.7451 2
13.7647 2
14.7843 2
15.8039 2
16.8235 2
17.8431 2
18.8627 2
19.8824 2
20.902 2
21.9216 2
22.9412 2
23.9608 2
24.9804 2
26 0


# t = 54
-26 0
-24.9804 2
-23.9608 2
-22.9412 2
-21.9216 2
-20.902 2
-19.8824 2
-18.8627 2
-17.8431 2
-16.8235 2
-15.8039 2
-14.7843 2
-13.7647 2
-12.7451 2
-11.7255 2
-10.7059 2
-9.68627 2
-8.66667 2
-7.64706 2
-6.62745 2
-5.60784 2
-4.58824 2
-3.56863 2
-2.54902 2
-1.52941 2
-0.509804 2
0.509804 2
1.52941 2
2.54902 2
3.56863 2
4.58824 2
5.60784 2
6.62745 2
7.64706 2
8.66667 2
9.68627 2
10.7059 2
11.7255 2
12.7451 2
13.7647 2
14.7843 2
15.8039 2
16.8235 2
17.8431 2
18.8627 2
19.8824 2
20.902 2
21.9216 2
22.9412 2
23.9608 2
24.9804 2
26 0


# t = 55
-26 0
-24.9804 2
-23.9608 2
-22.9412 2
-21.9216 2
-20.902 2
-19.8824 2
-18.8627 2
-17.8431 2
-16.8235 2
-15.8039 2
-14.7843 2
-13.7647 2
-12.7451 2
-11.7255 2
-10.7059 2
-9.68627 2
-8.66667 2
-7.64706 2
-6.62745 2
-5.60784 2
-4.58824 2
-3.56863 2
-2.54902 2
-1.52941 2
-0.509804 2
0.509804 2
1.52941 2
2.54902 2
3.56863 2
4.58824 2
5.60784 2
6.62745 2
7.64706 2
8.66667 2
9.68627 2
10.7059 2
11.7255 2
12.7451 2
13.7647 2
14.7843 2
15.8039 2
16.8235 2
17.8431 2
18.8627 2
19.8824 2
20.902 2
21.9216 2
22.9412 2
23.9608 2
24.9804 2
26 0


# t = 56
-26 0
-24.9804 2
-23.9608 2
-22.9412 2
-21.9216 2
-20.902 2
-19.8824 2
-18.8627 2
-17.8431 2
-16.8235 2
-15.8039 2
-14.7843 2
-13.7647 2
-12.7451 2
-11.7255 2
-10.7059 2
-9.68627 2
-8.66667 2
-7.64706 2
-6.62745 2
-5.60784 2
-4.58824 2
-3.56863 2
-2.54902 2
-1.52941 2
-0.509804 2
0.509804 2
1.52941 2
2.54902 2
3.56863 2
4.58824 2
5.60784 2
6.62745 2
7.64706 2
8.66667 2
9.68627 2
10.7059 2
11.7255 2
12.7451 2
13.7647 2
14.7843 2
15.8039 2
16.8235 2
17.8431 2
18.8627 2
19.8824 2
20.902 2
21.9216 2
22.9412 2
23.9608 2
24.9804 2
26 0


# t = 57
-26 0
-24.9804 2
-23.9608 2
-22.9412 2
-21.9216 2
-20.902 2
-19.8824 2
-18.8627 2
-17.8431 2
-16.8235 2
-15.8039 2
-14.7843 2
-13.7647 2
-12.7451 2
-11.7255 2
-10.7059 2
-9.68627 2
-8.66667 2
-7.64706 2
-6.62745 2
-5.60784 2
-4.58824 2
-3.56863 2
-2.54902 2
-1.52941 2
-0.509804 2
0.509804 2
1.52941 2
2.54902 2
3.56863 2
4.58824 2
5.60784 2
6.62745 2
7.64706 2
8.66667 2
9.68627 2
10.7059 2
11.7255 2
12.7451 2
13.7647 2
14.7843 2
15.8039 2
16.8235 2
17.8431 2
18.8627 2
19.8824 2
20.902 2
21.9216 2
22.9412 2
23.9608 2
24.9804 2
26 0


# t = 58
-26 0
-24.9804 2
-23.9608 2
-22.9412 2
-21.9216 2
-20.902 2
-19.8824 2
-18.8627 2
-17.8431 2
-16.8235 2
-15.8039 2
-14.7843 2
-13.7647 2
-12.7451 2
-11.7255 2
-10.7059 2
-9.68627 2
-8.66667 2
-7.64706 2
-6.62745 2
-5.60784 2
-4.58824 2
-3.56863 2
-2.54902 2
-1.52941 2
-0.509804 2
0.509804 2
1.52941 2
2.54902 2
3.56863 2
4.58824 2
5.60784 2
6.62745 2
7.64706 2
8.66667 2
9.68627 2
10.7059 2
11.7255 2
12.7451 2
13.7647 2
14.7843 2
15.8039 2
16.8235 2
17.8431 2
18.8627 2
19.8824 2
20.902 2
21.9216 2
22.9412 2
23.9608 2
24.9804 2
26 0


# t = 59
-26 0
-24.9804 2
-23.9608 2
-22.9412 2
-21.9216 2
-20.902 2
-19.8824 2
-18.8627 2
-17.8431 2
-16.8235 2
-15.8039 2
-14.7843 2
-13.7647 2
-12.7451 2
-11.7255 2
-10.7059 2
-9.68627 2
-8.66667 2
-7.64706 2
-6.62745 2
-5.60784 2
-4.58824 2
-3.56863 2
-2.54902 2
-1.52941 2
-0.509804 2
0.509804 2
1.52941 2
2.54902 2
3.56863 2
4.58824 2
5.60784 2
6.62745 2
7.64706 2
8.66667 2
9.68627 2
10.7059 2
11.7255 2
12.7451 2
13.7647 2
14.7843 2
15.8039 2
16.8235 2
17.8431 2
18.8627 2
19.8824 2
20.902 2
21.9216 2
22.9412 2
23.9608 2
24.9804 2
26 0


# t = 60
-26 0
-24.9804 2
-23.9608 2
-22.9412 2
-21.9216 2
-20.902 2
-19.8824 2
-18.8627 2
-17.8431 2
-16.8235 2
-15.8039 2
-14.7843 2
-13.7647 2
-12.7451 2
-11.7255 2
-10.7059 2
-9.68627 2
-8.66667 2
-7.64706 2
-6.62745 2
-5.60784 2
-4.58824 2
-3.56863 2
-2.54902 2
-1.52941 2
-0.509804 2
0.509804 2
1.52941 2
2.54902 2
3.56863 2
4.58824 2
5.60784 2
6.62745 2
7.64706 2
8.66667 2
9.68627 2
10.7059 2
11.7255 2
12.7451 2
13.7647 2
14.7843 2
15.8039 2
16.8235 2
17.8431 2
18.8627 2
19.8824 2
20.902 2
21.9216 2
22.9412 2
23.9608 2
24.9804 2
26 0


# t = 61
-26 0
-24.9804 2
-23.9608 2
-22.9412 2
-21.9216 2
-20.902 2
-19.8824 2
-18.8627 2
-17.8431 2
-16.8235 2
-15.8039 2
-14.7843 2
-13.7647 2
-12.7451 2
-11.7255 2
-10.7059 2
-9.68627 2
-8.66667 2
-7.64706 2
-6.62745 2
-5.60784 2
-4.58824 2
-3.56863 2
-2.54902 2
-1.52941 2
-0.509804 2
0.509804 2
1.52941 2
2.54902 2
3.56863 2
4.58824 2
5.60784 2
6.62745 2
7.64706 2
8.66667 2
9.68627 2
10.7059 2
11.7255 2
12.7451 2
13.7647 2
14.7843 2
15.8039 2
16.8235 2
17.8431 2
18.8627 2
19.8824 2
20.902 2
21.9216 2
22.9412 2
23.9608 2
24.9804 2
26 0


# t = 62
-26 0
-24.9804 2
-23.9608 2
-22.9412 2
-21.9216 2
-20.902 2
-19.8824 2
-18.8627 2
-17.8431 2
-16.8235 2
-15.8039 2
-14.7843 2
-13.7647 2
-12.7451 2
-11.7255 2
-10.7059 2
-9.68627 2
-8.66667 2
-7.64706 2
-6.62745 2
-5.60784 2
-4.58824 2
-3.56863 2
-2.54902 2
-1.52941 2
-0.509804 2
0.509804 2
1.52941 2
2.54902 2
3.56863 2
4.58824 2
5.60784 2
6.62745 2
7.64706 2
8.66667 2
9.68627 2
10.7059 2
11.7255 2
12.7451 2
13.7647 2
14.7843 2
15.8039 2
16.8235 2
17.8431 2
18.8627 2
19.8824 2
20.902 2
21.9216 2
22.9412 2
23.9608 2
24.9804 2
26 0


# t = 63
-26 0
-24.9804 2
-23.9608 2
-22.9412 2
-21.9216 2
-20.902 2
-19.8824 2
-18.8627 2
-17.8431 2
-16.8235 2
-15.8039 2
-14.7843 2
-13.7647 2
-12.7451 2
-11.7255 2
-10.7059 2
-9.68627 2
-8.66667 2
-7.64706 2
-6.62745 2
-5.60784 2
-4.58824 2
-3.56863 2
-2.54902 2
-1.52941 2
-0.509804 2
0.509804 2
1.52941 2
2.54902 2
3.56863 2
4.58824 2
5.60784 2
6.62745 2
7.64706 2
8.66667 2
9.68627 2
10.7059 2
11.7255 2
12.7451 2
13.7647 2
14.7843 2
15.8039 2
16.8235 2
17.8431 2
18.8627 2
19.8824 2
20.902 2
21.9216 2
22.9412 2
23.9608 2
24.9804 2
26 0


# t = 64
-26 0
-24.9804 2
-23.9608 2
-22.9412 2
-21.9216 2
-20.902 2
-19.8824 2
-18.8627 2
-17.8431 2
-16.8235 2
-15.8039 2
-14.7843 2
-13.7647 2
-12.7451 2
-11.7255 2
-10.7059 2
-9.68627 2
-8.66667 2
-7.64706 2
-6.62745 2
-5.60784 2
-4.58824 2
-3.56863 2
-2.54902 2
-1.52941 2
-0.509804 2
0.509804 2
1.52941 2
2.54902 2
3.56863 2
4.58824 2
5.60784 2
6.62745 2
7.64706 2
8.66667 2
9.68627 2
10.7059 2
11.7255 2
12.7451 2
13.7647 2
14.7843 2
15.8039 2
16.8235 2
17.8431 2
18.8627 2
19.8824 2
20.902 2
21.9216 2
22.9412 2
23.9608 2
24.9804 2
26 0


# t = 65
-26 0
-24.9804 2
-23.9608 2
-22.9412 2
-21.9216 2
-20.902 2
-19.8824 2
-18.8627 2
-17.8431 2
-16.8235 2
-15.8039 2
-14.7843 2
-13.7647 2
-12.7451 2
-11.7255 2
-10.7059 2
-9.68627 2
-8.66667 2
-7.64706 2
-6.62745 2
-5.60784 2
-4.58824 2
-3.56863 2
-2.54902 2
-1.52941 2
-0.509804 2
0.509804 2
1.52941 2
2.54902 2
3.56863 2
4.58824 2
5.60784 2
6.62745 2
7.64706 2
8.66667 2
9.68627 2
10.7059 2
11.7255 2
12.7451 2
13.7647 2
14.7843 2
15.8039 2
16.8235 2
17.8431 2
18.8627 2
19.8824 2
20.902 2
21.9216 2
22.9412 2
23.9608 2
24.9804 2
26 0


# t = 66
-26 0
-24.9804 2
-23.9608 2
-22.9412 2
-21.9216 2
-20.902 2
-19.8824 2
-18.8627 2
-17.8431 2
-16.8235 2
-15.8039 2
-14.7843 2
-13.7647 2
-12.7451 2
-11.7255 2
-10.7059 2
-9.68627 2
-8.66667 2
-7.64706 2
-6.62745 2
-5.60784 2
-4.58824 2
-3.56863 2
-2.54902 2
-1.52941 2
-0.509804 2
0.509804 2
1.52941 2
2.54902 2
3.56863 2
4.58824 2
5.60784 2
6.62745 2
7.64706 2
8.66667 2
9.68627 2
10.7059 2
11.7255 2
12.7451 2
13.7647 2
14.7843 2
15.8039 2
16.8235 2
17.8431 2
18.8627 2
19.8824 2
20.902 2
21.9216 2
22.9412 2
23.9608 2
24.9804 2
26 0


# t = 67
-26 0
-24.9804 2
-23.9608 2
-22.9412 2
-21.9216 2
-20.902 2
-19.8824 2
-18.8627 2
-17.8431 2
-16.8235 2
-15.8039 2
-14.7843 2
-13.7647 2
-12.7451 2
-11.7255 2
-10.7059 2
-9.68627 2
-8.66667 2
-7.64706 2
-6.62745 2
-5.60784 2
-4.58824 2
-3.56863 2
-2.54902 2
-1.52941 2
-0.509804 2
0.509804 2
1.52941 2
2.54902 2
3.56863 2
4.58824 2
5.60784 2
6.62745 2
7.64706 2
8.66667 2
9.68627 2
10.7059 2
11.7255 2
12.7451 2
13.7647 2
14.7843 2
15.8039 2
16.8235 2
17.8431 2
18.8627 2
19.8824 2
20.902 2
21.9216 2
22.9412 2
23.9608 2
24.9804 2
26 0


# t = 68
-26 0
-24.9804 2
-23.9608 2
-22.9412 2
-21.9216 2
-20.902 2
-19.8824 2
-18.8627 2
-17.8431 2
-16.8235 2
-15.8039 2
-14.7843 2
-13.7647 2
-12.7451 2
-11.7255 2
-10.7059 2
-9.68627 2
-8.66667 2
-7.64706 2
-6.62745 2
-5.60784 2
-4.58824 2
-3.56863 2
-2.54902 2
-1.52941 2
-0.509804 2
0.509804 2
1.52941 2
2.54902 2
3.56863 2
4.58824 2
5.60784 2
6.62745 2
7.64706 2
8.66667 2
9.68627 2
10.7059 2
11.7255 2
12.7451 2
13.7647 2
14.7843 2
15.8039 2
16.8235 2
17.8431 2
18.8627 2
19.8824 2
20.902 2
21.9216 2
22.9412 2
23.9608 2
24.9804 2
26 0


# t = 69
-26 0
-24.9804 2
-23.9608 2
-22.9412 2
-21.9216 2
-20.902 2
-19.8824 2
-18.8627 2
-17.8431 2
-16.8235 2
-15.8039 2
-14.7843 2
-13.7647 2
-12.7451 2
-11.7255 2
-10.7059 2
-9.68627 2
-8.66667 2
-7.64706 2
-6.62745 2
-5.60784 2
-4.58824 2
-3.56863 2
-2.54902 2
-1.52941 2
-0.509804 2
0.509804 2
1.52941 2
2.54902 2
3.56863 2
4.58824 2
5.60784 2
6.62745 2
7.64706 2
8.66667 2
9.68627 2
10.7059 2
11.7255 2
12.7451 2
13.7647 2
14.7843 2
15.8039 2
16.8235 2
17.8431 2
18.8627 2
19.8824 2
20.902 2
21.9216 2
22.9412 2
23.9608 2
24.9804 2
26 0


# t = 70
-26 0
-24.9804 2
-23.9608 2
-22.9412 2
-21.9216 2
-20.902 2
-19.8824 2
-18.8627 2
-17.8431 2
-16.8235 2
-15.8039 2
-14.7843 2
-13.7647 2
-12.7451 2
-11.7255 2
-10.7059 2
-9.68627 2
-8.66667 2
-7.64706 2
-6.62745 2
-5.60784 2
-4.58824 2
-3.56863 2
-2.54902 2
-1.52941 2
-0.509804 2
0.509804 2
1.52941 2
2.54902 2
3.56863 2
4.58824 2
5.60784 2
6.62745 2
7.64706 2
8.66667 2
9.68627 2
10.7059 2
11.7255 2
12.7451 2
13.7647 2
14.7843 2
15.8039 2
16.8235 2
17.8431 2
18.8627 2
19.8824 2
20.902 2
21.9216 2
22.9412 2
23.9608 2
24.9804 2
26 0


# t = 71
-26 0
-24.9804 2
-23.9608 2
-22.9412 2
-21.9216 2
-20.902 2
-19.8824 2
-18.8627 2
-17.8431 2
-16.8235 2
-15.8039 2
-14.7843 2
-13.7647 2
-12.7451 2
-11.7255 2
-10.7059 2
-9.68627 2
-8.66667 2
-7.64706 2
-6.62745 2
-5.60784 2
-4.58824 2
-3.56863 2
-2.54902 2
-1.52941 2
-0.509804 2
0.509804 2
1.52941 2
2.54902 2
3.56863 2
4.58824 2
5.60784 2
6.62745 2
7.64706 2
8.66667 2
9.68627 2
10.7059 2
11.7255 2
12.7451 2
13.7647 2
14.7843 2
15.8039 2
16.8235 2
17.8431 2
18.8627 2
19.8824 2
20.902 2
21.9216 2
22.9412 2
23.9608 2
24.9804 2
26 0


# t = 72
-26 0
-24.9804 2
-23.9608 2
-22.9412 2
-21.9216 2
-20.902 2
-19.8824 2
-18.8627 2
-17.8431 2
-16.8235 2
-15.8039 2
-14.7843 2
-13.7647 2
-12.7451 2
-11.7255 2
-10.7059 2
-9.68627 2
-8.66667 2
-7.64706 2
-6.62745 2
-5.60784 2
-4.58824 2
-3.56863 2
-2.54902 2
-1.52941 2
-0.509804 2
0.509804 2
1.52941 2
2.54902 2
3.56863 2
4.58824 2
5.60784 2
6.62745 2
7.64706 2
8.66667 2
9.68627 2
10.7059 2
11.7255 2
12.7451 2
13.7647 2
14.7843 2
15.8039 2
16.8235 2
17.8431 2
18.8627 2
19.8824 2
20.902 2
21.9216 2
22.9412 2
23.9608 2
24.9804 2
26 0


# t = 73
-26 0
-24.9804 2
-23.9608 2
-22.9412 2
-21.9216 2
-20.902 2
-19.8824 2
-18.8627 2
-17.8431 2
-16.8235 2
-15.8039 2
-14.7843 2
-13.7647 2
-12.7451 2
-11.7255 2
-10.7059 2
-9.68627 2
-8.66667 2
-7.64706 2
-6.62745 2
-5.60784 2
-4.58824 2
-3.56863 2
-2.54902 2
-1.52941 2
-0.509804 2
0.509804 2
1.52941 2
2.54902 2
3.56863 2
4.58824 2
5.60784 2
6.62745 2
7.64706 2
8.66667 2
9.68627 2
10.7059 2
11.7255 2
12.7451 2
13.7647 2
14.7843 2
15.8039 2
16.8235 2
17.8431 2
18.8627 2
19.8824 2
20.902 2
21.9216 2
22.9412 2
23.9608 2
24.9804 2
26 0


# t = 74
-26 0
-24.9804 2
-23.9608 2
-22.9412 2
-21.9216 2
-20.902 2
-19.8824 2
-18.8627 2
-17.8431 2
-16.8235 2
-15.8039 2
-14.7843 2
-13.7647 2
-12.7451 2
-11.7255 2
-10.7059 2
-9.68627 2
-8.66667 2
-7.64706 2
-6.62745 2
-5.60784 2
-4.58824 2
-3.56863 2
-2.54902 2
-1.52941 2
-0.509804 2
0.509804 2
1.52941 2
2.54902 2
3.56863 2
4.58824 2
5.60784 2
6.62745 2
7.64706 2
8.66667 2
9.68627 2
10.7059 2
11.7255 2
12.7451 2
13.7647 2
14.7843 2
15.8039 2
16.8235 2
17.8431 2
18.8627 2
19.8824 2
20.902 2
21.9216 2
22.9412 2
23.9608 2
24.9804 2
26 0


# t = 75
-26 0
-24.9804 2
-23.9608 2
-22.9412 2
-21.9216 2
-20.902 2
-19.8824 2
-18.8627 2
-17.8431 2
-16.8235 2
-15.8039 2
-14.7843 2
-13.7647 2
-12.7451 2
-11.7255 2
-10.7059 2
-9.68627 2
-8.66667 2
-7.64706 2
-6.62745 2
-5.60784 2
-4.58824 2
-3.56863 2
-2.54902 2
-1.52941 2
-0.509804 2
0.509804 2
1.52941 2
2.54902 2
3.56863 2
4.58824 2
5.60784 2
6.62745 2
7.64706 2
8.66667 2
9.68627 2
10.7059 2
11.7255 2
12.7451 2
13.7647 2
14.7843 2
15.8039 2
16.8235 2
17.8431 2
18.8627 2
19.8824 2
20.902 2
21.9216 2
22.9412 2
23.9608 2
24.9804 2
26 0


# t = 76
-26 0
-24.9804 2
-23.9608 2
-22.9412 2
-21.9216 2
-20.902 2
-19.8824 2
-18.8627 2
-17.8431 2
-16.8235 2
-15.8039 2
-14.7843 2
-13.7647 2
-12.7451 2
-11.7255 2
-10.7059 2
-9.68627 2
-8.66667 2
-7.64706 2
-6.62745 2
-5.60784 2
-4.58824 2
-3.56863 2
-2.54902 2
-1.52941 2
-0.509804 2
0.509804 2
1.52941 2
2.54902 2
3.56863 2
4.58824 2
5.60784 2
6.62745 2
7.64706 2
8.66667 2
9.68627 2
10.7059 2
11.7255 2
12.7451 2
13.7647 2
14.7843 2
15.8039 2
16.8235 2
17.8431 2
18.8627 2
19.8824 2
20.902 2
21.9216 2
22.9412 2
23.9608 2
24.9804 2
26 0


# t = 77
-26 0
-24.9804 2
-23.9608 2
-22.9412 2
-21.9216 2
-20.902 2
-19.8824 2
-18.8627 2
-17.8431 2
-16.8235 2
-15.8039 2
-14.7843 2
-13.7647 2
-12.7451 2
-11.7255 2
-10.7059 2
-9.68627 2
-8.66667 2
-7.64706 2
-6.62745 2
-5.60784 2
-4.58824 2
-3.56863 2
-2.54902 2
-1.52941 2
-0.509804 2
0.509804 2
1.52941 2
2.54902 2
3.56863 2
4.58824 2
5.60784 2
6.62745 2
7.64706 2
8.66667 2
9.68627 2
10.7059 2
11.7255 2
12.7451 2
13.7647 2
14.7843 2
15.8039 2
16.8235 2
17.8431 2
18.8627 2
19.8824 2
20.902 2
21.9216 2
22.9412 2
23.9608 2
24.9804 2
26 0


# t = 78
-26 0
-24.9804 2
-23.9608 2
-22.9412 2
-21.9216 2
-20.902 2
-19.8824 2
-18.8627 2
-17.8431 2
-16.8235 2
-15.8039 2
-14.7843 2
-13.7647 2
-12.7451 2
-11.7255 2
-10.7059 2
-9.68627 2
-8.66667 2
-7.64706 2
-6.62745 2
-5.60784 2
-4.58824 2
-3.56863 2
-2.54902 2
-1.52941 2
-0.509804 2
0.509804 2
1.52941 2
2.54902 2
3.56863 2
4.58824 2
5.60784 2
6.62745 2
7.64706 2
8.66667 2
9.68627 2
10.7059 2
11.7255 2
12.7451 2
13.7647 2
14.7843 2
15.8039 2
16.8235 2
17.8431 2
18.8627 2
19.8824 2
20.902 2
21.9216 2
22.9412 2
23.9608 2
24.9804 2
26 0


# t = 79
-26 0
-24.9804 2
-23.9608 2
-22.9412 2
-21.9216 2
-20.902 2
-19.8824 2
-18.8627 2
-17.8431 2
-16.8235 2
-15.8039 2
-14.7843 2
-13.7647 2
-12.7451 2
-11.7255 2
-10.7059 2
-9.68627 2
-8.66667 2
-7.64706 2
-6.62745 2
-5.60784 2
-4.58824 2
-3.56863 2
-2.54902 2
-1.52941 2
-0.509804 2
0.509804 2
1.52941 2
2.54902 2
3.56863 2
4.58824 2
5.60784 2
6.62745 2
7.64706 2
8.66667 2
9.68627 2
10.7059 2
11.7255 2
12.7451 2
13.7647 2
14.7843 2
15.8039 2
16.8235 2
17.8431 2
18.8627 2
19.8824 2
20.902 2
21.9216 2
22.9412 2
23.9608 2
24.9804 2
26 0


# t = 80
-26 0
-24.9804 2
-23.9608 2
-22.9412 2
-21.9216 2
-20.902 2
-19.8824 2
-18.8627 2
-17.8431 2
-16.8235 2
-15.8039 2
-14.7843 2
-13.7647 2
-12.7451 2
-11.7255 2
-10.7059 2
-9.68627 2
-8.66667 2
-7.64706 2
-6.62745 2
-5.60784 2
-4.58824 2
-3.56863 2
-2.54902 2
-1.52941 2
-0.509804 2
0.509804 2
1.52941 2
2.54902 2
3.56863 2
4.58824 2
5.60784 2
6.62745 2
7.64706 2
8.66667 2
9.68627 2
10.7059 2
11.7255 2
12.7451 2
13.7647 2
14.7843 2
15.8039 2
16.8235 2
17.8431 2
18.8627 2
19.8824 2
20.902 2
21.9216 2
22.9412 2
23.9608 2
24.9804 2
26 0


# t = 81
-26 0
-24.9804 2
-23.9608 2
-22.9412 2
-21.9216 2
-20.902 2
-19.8824 2
-18.8627 2
-17.8431 2
-16.8235 2
-15.8039 2
-14.7843 2
-13.7647 2
-12.7451 2
-11.7255 2
-10.7059 2
-9.68627 2
-8.66667 2
-7.64706 2
-6.62745 2
-5.60784 2
-4.58824 2
-3.56863 2
-2.54902 2
-1.52941 2
-0.509804 2
0.509804 2
1.52941 2
2.54902 2
3.56863 2
4.58824 2
5.60784 2
6.62745 2
7.64706 2
8.66667 2
9.68627 2
10.7059 2
11.7255 2
12.7451 2
13.7647 2
14.7843 2
15.8039 2
16.8235 2
17.8431 2
18.8627 2
19.8824 2
20.902 2
21.9216 2
22.9412 2
23.9608 2
24.9804 2
26 0


# t = 82
-26 0
-24.9804 2
-23.9608 2
-22.9412 2
-21.9216 2
-20.902 2
-19.8824 2
-18.8627 2
-17.8431 2
-16.8235 2
-15.8039 2
-14.7843 2
-13.7647 2
-12.7451 2
-11.7255 2
-10.7059 2
-9.68627 2
-8.66667 2
-7.64706 2
-6.62745 2
-5.60784 2
-4.58824 2
-3.56863 2
-2.54902 2
-1.52941 2
-0.509804 2
0.509804 2
1.52941 2
2.54902 2
3.56863 2
4.58824 2
5.60784 2
6.62745 2
7.64706 2
8.66667 2
9.68627 2
10.7059 2
11.7255 2
12.7451 2
13.7647 2
14.7843 2
15.8039 2
16.8235 2
17.8431 2
18.8627 2
19.8824 2
20.902 2
21.9216 2
22.9412 2
23.9608 2
24.9804 2
26 0


# t = 83
-26 0
-24.9804 2
-23.9608 2
-22.9412 2
-21.9216 2
-20.902 2
-19.8824 2
-18.8627 2
-17.8431 2
-16.8235 2
-15.8039 2
-14.7843 2
-13.7647 2
-12.7451 2
-11.7255 2
-10.7059 2
-9.68627 2
-8.66667 2
-7.64706 2
-6.62745 2
-5.60784 2
-4.58824 2
-3.56863 2
-2.54902 2
-1.52941 2
-0.509804 2
0.509804 2
1.52941 2
2.54902 2
3.56863 2
4.58824 2
5.60784 2
6.62745 2
7.64706 2
8.66667 2
9.68627 2
10.7059 2
11.7255 2
12.7451 2
13.7647 2
14.7843 2
15.8039 2
16.8235 2
17.8431 2
18.8627 2
19.8824 2
20.902 2
21.9216 2
22.9412 2
23.9608 2
24.9804 2
26 0


# t = 84
-26 0
-24.9804 2
-23.9608 2
-22.9412 2
-21.9216 2
-20.902 2
-19.8824 2
-18.8627 2
-17.8431 2
-16.8235 2
-15.8039 2
-14.7843 2
-13.7647 2
-12.7451 2
-11.7255 2
-10.7059 2
-9.68627 2
-8.66667 2
-7.64706 2
-6.62745 2
-5.60784 2
-4.58824 2
-3.56863 2
-2.54902 2
-1.52941 2
-0.509804 2
0.509804 2
1.52941 2
2.54902 2
3.56863 2
4.58824 2
5.60784 2
6.62745 2
7.64706 2
8.66667 2
9.68627 2
10.7059 2
11.7255 2
12.7451 2
13.7647 2
14.7843 2
15.8039 2
16.8235 2
17.8431 2
18.8627 2
19.8824 2
20.902 2
21.9216 2
22.9412 2
23.9608 2
24.9804 2
26 0


# t = 85
-26 0
-24.9804 2
-23.9608 2
-22.9412 2
-21.9216 2
-20.902 2
-19.8824 2
-18.8627 2
-17.8431 2
-16.8235 2
-15.8039 2
-14.7843 2
-13.7647 2
-12.7451 2
-11.7255 2
-10.7059 2
-9.68627 2
-8.66667 2
-7.64706 2
-6.62745 2
-5.60784 2
-4.58824 2
-3.56863 2
-2.54902 2
-1.52941 2
-0.509804 2
0.509804 2
1.52941 2
2.54902 2
3.56863 2
4.58824 2
5.60784 2
6.62745 2
7.64706 2
8.66667 2
9.68627 2
10.7059 2
11.7255 2
12.7451 2
13.7647 2
14.7843 2
15.8039 2
16.8235 2
17.8431 2
18.8627 2
19.8824 2
20.902 2
21.9216 2
22.9412 2
23.9608 2
24.9804 2
26 0


# t = 86
-26 0
-24.9804 2
-23.9608 2
-22.9412 2
-21.9216 2
-20.902 2
-19.8824 2
-18.8627 2
-17.8431 2
-16.8235 2
-15.8039 2
-14.7843 2
-13.7647 2
-12.7451 2
-11.7255 2
-10.7059 2
-9.68627 2
-8.66667 2
-7.64706 2
-6.62745 2
-5.60784 2
-4.58824 2
-3.56863 2
-2.54902 2
-1.52941 2
-0.509804 2
0.509804 2
1.52941 2
2.54902 2
3.56863 2
4.58824 2
5.60784 2
6.62745 2
7.64706 2
8.66667 2
9.68627 2
10.7059 2
11.7255 2
12.7451 2
13.7647 2
14.7843 2
15.8039 2
16.8235 2
17.8431 2
18.8627 2
19.8824 2
20.902 2
21.9216 2
22.9412 2
23.9608 2
24.9804 2
26 0


# t = 87
-26 0
-24.9804 2
-23.9608 2
-22.9412 2
-21.9216 2
-20.902 2
-19.8824 2
-18.8627 2
-17.8431 2
-16.8235 2
-15.8039 2
-14.7843 2
-13.7647 2
-12.7451 2
-11.7255 2
-10.7059 2
-9.68627 2
-8.66667 2
-7.64706 2
-6.62745 2
-5.60784 2
-4.58824 2
-3.56863 2
-2.54902 2
-1.52941 2
-0.509804 2
0.509804 2
1.52941 2
2.54902 2
3.56863 2
4.58824 2
5.60784 2
6.62745 2
7.64706 2
8.66667 2
9.68627 2
10.7059 2
11.7255 2
12.7451 2
13.7647 2
14.7843 2
15.8039 2
16.8235 2
17.8431 2
18.8627 2
19.8824 2
20.902 2
21.9216 2
22.9412 2
23.9608 2
24.9804 2
26 0


# t = 88
-26 0
-24.9804 2
-23.9608 2
-22.9412 2
-21.9216 2
-20.902 2
-19.8824 2
-18.8627 2
-17.8431 2
-16.8235 2
-15.8039 2
-14.7843 2
-13.7647 2
-12.7451 2
-11.7255 2
-10.7059 2
-9.68627 2
-8.66667 2
-7.64706 2
-6.62745 2
-5.60784 2
-4.58824 2
-3.56863 2
-2.54902 2
-1.52941 2
-0.509804 2
0.509804 2
1.52941 2
2.54902 2
3.56863 2
4.58824 2
5.60784 2
6.62745 2
7.64706 2
8.66667 2
9.68627 2
10.7059 2
11.7255 2
12.7451 2
13.7647 2
14.7843 2
15.8039 2
16.8235 2
17.8431 2
18.8627 2
19.8824 2
20.902 2
21.9216 2
22.9412 2
23.9608 2
24.9804 2
26 0


# t = 89
-26 0
-24.9804 2
-23.9608 2
-22.9412 2
-21.9216 2
-20.902 2
-19.8824 2
-18.8627 2
-17.8431 2
-16.8235 2
-15.8039 2
-14.7843 2
-13.7647 2
-12.7451 2
-11.7255 2
-10.7059 2
-9.68627 2
-8.66667 2
-7.64706 2
-6.62745 2
-5.60784 2
-4.58824 2
-3.56863 2
-2.54902 2
-1.52941 2
-0.509804 2
0.509804 2
1.52941 2
2.54902 2
3.56863 2
4.58824 2
5.60784 2
6.62745 2
7.64706 2
8.66667 2
9.68627 2
10.7059 2
11.7255 2
12.7451 2
13.7647 2
14.7843 2
15.8039 2
16.8235 2
17.8431 2
18.8627 2
19.8824 2
20.902 2
21.9216 2
22.9412 2
23.9608 2
24.9804 2
26 0


# t = 90
-26 0
-24.9804 2
-23.9608 2
-22.9412 2
-21.9216 2
-20.902 2
-19.8824 2
-18.8627 2
-17.8431 2
-16.8235 2
-15.8039 2
-14.7843 2
-13.7647 2
-12.7451 2
-11.7255 2
-10.7059 2
-9.68627 2
-8.66667 2
-7.64706 2
-6.62745 2
-5.60784 2
-4.58824 2
-3.56863 2
-2.54902 2
-1.52941 2
-0.509804 2
0.509804 2
1.52941 2
2.54902 2
3.56863 2
4.58824 2
5.60784 2
6.62745 2
7.64706 2
8.66667 2
9.68627 2
10.7059 2
11.7255 2
12.7451 2
13.7647 2
14.7843 2
15.8039 2
16.8235 2
17.8431 2
18.8627 2
19.8824 2
20.902 2
21.9216 2
22.9412 2
23.9608 2
24.9804 2
26 0


# t = 91
-26 0
-24.9804 2
-23.9608 2
-22.9412 2
-21.9216 2
-20.902 2
-19.8824 2
-18.8627 2
-17.8431 2
-16.8235 2
-15.8039 2
-14.7843 2
-13.7647 2
-12.7451 2
-11.7255 2
-10.7059 2
-9.68627 2
-8.66667 2
-7.64706 2
-6.62745 2
-5.60784 2
-4.58824 2
-3.56863 2
-2.54902 2
-1.52941 2
-0.509804 2
0.509804 2
1.52941 2
2.54902 2
3.56863 2
4.58824 2
5.60784 2
6.62745 2
7.64706 2
8.66667 2
9.68627 2
10.7059 2
11.7255 2
12.7451 2
13.7647 2
14.7843 2
15.8039 2
16.8235 2
17.8431 2
18.8627 2
19.8824 2
20.902 2
21.9216 2
22.9412 2
23.9608 2
24.9804 2
26 0


# t = 92
-26 0
-24.9804 2
-23.9608 2
-22.9412 2
-21.9216 2
-20.902 2
-19.8824 2
-18.8627 2
-17.8431 2
-16.8235 2
-15.8039 2
-14.7843 2
-13.7647 2
-12.7451 2
-11.7255 2
-10.7059 2
-9.68627 2
-8.66667 2
-7.64706 2
-6.62745 2
-5.60784 2
-4.58824 2
-3.56863 2
-2.54902 2
-1.52941 2
-0.509804 2
0.509804 2
1.52941 2
2.54902 2
3.56863 2
4.58824 2
5.60784 2
6.62745 2
7.64706 2
8.66667 2
9.68627 2
10.7059 2
11.7255 2
12.7451 2
13.7647 2
14.7843 2
15.8039 2
16.8235 2
17.8431 2
18.8627 2
19.8824 2
20.902 2
21.9216 2
22.9412 2
23.9608 2
24.9804 2
26 0


# t = 93
-26 0
-24.9804 2
-23.9608 2
-22.9412 2
-21.9216 2
-20.902 2
-19.8824 2
-18.8627 2
-17.8431 2
-16.8235 2
-15.8039 2
-14.7843 2
-13.7647 2
-12.7451 2
-11.7255 2
-10.7059 2
-9.68627 2
-8.66667 2
-7.64706 2
-6.62745 2
-5.60784 2
-4.58824 2
-3.56863 2
-2.54902 2
-1.52941 2
-0.509804 2
0.509804 2
1.52941 2
2.54902 2
3.56863 2
4.58824 2
5.60784 2
6.62745 2
7.64706 2
8.66667 2
9.68627 2
10.7059 2
11.7255 2
12.7451 2
13.7647 2
14.7843 2
15.8039 2
16.8235 2
17.8431 2
18.8627 2
19.8824 2
20.902 2
21.9216 2
22.9412 2
23.9608 2
24.9804 2
26 0


# t = 94
-26 0
-24.9804 2
-23.9608 2
-22.9412 2
-21.9216 2
-20.902 2
-19.8824 2
-18.8627 2
-17.8431 2
-16.8235 2
-15.8039 2
-14.7843 2
-13.7647 2
-12.7451 2
-11.7255 2
-10.7059 2
-9.68627 2
-8.66667 2
-7.64706 2
-6.62745 2
-5.60784 2
-4.58824 2
-3.56863 2
-2.54902 2
-1.52941 2
-0.509804 2
0.509804 2
1.52941 2
2.54902 2
3.56863 2
4.58824 2
5.60784 2
6.62745 2
7.64706 2
8.66667 2
9.68627 2
10.7059 2
11.7255 2
12.7451 2
13.7647 2
14.7843 2
15.8039 2
16.8235 2
17.8431 2
18.8627 2
19.8824 2
20.902 2
21.9216 2
22.9412 2
23.9608 2
24.9804 2
26 0


# t = 95
-26 0
-24.9804 2
-23.9608 2
-22.9412 2
-21.9216 2
-20.902 2
-19.8824 2
-18.8627 2
-17.8431 2
-16.8235 2
-15.8039 2
-14.7843 2
-13.7647 2
-12.7451 2
-11.7255 2
-10.7059 2
-9.68627 2
-8.66667 2
-7.64706 2
-6.62745 2
-5.60784 2
-4.58824 2
-3.56863 2
-2.54902 2
-1.52941 2
-0.509804 2
0.509804 2
1.52941 2
2.54902 2
3.56863 2
4.58824 2
5.60784 2
6.62745 2
7.64706 2
8.66667 2
9.68627 2
10.7059 2
11.7255 2
12.7451 2
13.7647 2
14.7843 2
15.8039 2
16.8235 2
17.8431 2
18.8627 2
19.8824 2
20.902 2
21.9216 2
22.9412 2
23.9608 2
24.9804 2
26 0


# t = 96
-26 0
-24.9804 2
-23.9608 2
-22.9412 2
-21.9216 2
-20.902 2
-19.8824 2
-18.8627 2
-17.8431 2
-16.8235 2
-15.8039 2
-14.7843 2
-13.7647 2
-12.7451 2
-11.7255 2
-10.7059 2
-9.68627 2
-8.66667 2
-7.64706 2
-6.62745 2
-5.60784 2
-4.58824 2
-3.56863 2
-2.54902 2
-1.52941 2
-0.509804 2
0.509804 2
1.52941 2
2.54902 2
3.56863 2
4.58824 2
5.60784 2
6.62745 2
7.64706 2
8.66667 2
9.68627 2
10.7059 2
11.7255 2
12.7451 2
13.7647 2
14.7843 2
15.8039 2
16.8235 2
17.8431 2
18.8627 2
19.8824 2
20.902 2
21.9216 2
22.9412 2
23.9608 2
24.9804 2
26 0


# t = 97
-26 0
-24.9804 2
-23.9608 2
-22.9412 2
-21.9216 2
-20.902 2
-19.8824 2
-18.8627 2
-17.8431 2
-16.8235 2
-15.8039 2
-14.7843 2
-13.7647 2
-12.7451 2
-11.7255 2
-10.7059 2
-9.68627 2
-8.66667 2
-7.64706 2
-6.62745 2
-5.60784 2
-4.58824 2
-3.56863 2
-2.54902 2
-1.52941 2
-0.509804 2
0.509804 2
1.52941 2
2.54902 2
3.56863 2
4.58824 2
5.60784 2
6.62745 2
7.64706 2
8.66667 2
9.68627 2
10.7059 2
11.7255 2
12.7451 2
13.7647 2
14.7843 2
15.8039 2
16.8235 2
17.8431 2
18.8627 2
19.8824 2
20.902 2
21.9216 2
22.9412 2
23.9608 2
24.9804 2
26 0


# t = 98
-26 0
-24.9804 2
-23.9608 2
-22.9412 2
-21.9216 2
-20.902 2
-19.8824 2
-18.8627 2
-17.8431 2
-16.8235 2
-15.8039 2
-14.7843 2
-13.7647 2
-12.7451 2
-11.7255 2
-10.7059 2
-9.68627 2
-8.66667 2
-7.64706 2
-6.62745 2
-5.60784 2
-4.58824 2
-3.56863 2
-2.54902 2
-1.52941 2
-0.509804 2
0.509804 2
1.52941 2
2.54902 2
3.56863 2
4.58824 2
5.60784 2
6.62745 2
7.64706 2
8.66667 2
9.68627 2
10.7059 2
11.7255 2
12.7451 2
13.7647 2
14.7843 2
15.8039 2
16.8235 2
17.8431 2
18.8627 2
19.8824 2
20.902 2
21.9216 2
22.9412 2
23.9608 2
24.9804 2
26 0


# t = 99
-26 0
-24.9804 2
-23.9608 2
-22.9412 2
-21.9216 2
-20.902 2
-19.8824 2
-18.8627 2
-17.8431 2
-16.8235 2
-15.8039 2
-14.7843 2
-13.7647 2
-12.7451 2
-11.7255 2
-10.7059 2
-9.68627 2
-8.66667 2
-7.64706 2
-6.62745 2
-5.60784 2
-4.58824 2
-3.56863 2
-2.54902 2
-1.52941 2
-0.509804 2
0.509804 2
1.52941 2
2.54902 2
3.56863 2
4.58824 2
5.60784 2
6.62745 2
7.64706 2
8.66667 2
9.68627 2
10.7059 2
11.7255 2
12.7451 2
13.7647 2
14.7843 2
15.8039 2
16.8235 2
17.8431 2
18.8627 2
19.8824 2
20.902 2
21.9216 2
22.9412 2
23.9608 2
24.9804 2
26 0


# t = 100
-26 0
-24.9804 2
-23.9608 2
-22.9412 2
-21.9216 2
-20.902 2
-19.8824 2
-18.8627 2
-17.8431 2
-16.8235 2
-15.8039 2
-14.7843 2
-13.7647 2
-12.7451 2
-11.7255 2
-10.7059 2
-9.68627 2
-8.66667 2
-7.64706 2
-6.62745 2
-5.60784 2
-4.58824 2
-3.56863 2
-2.54902 2
-1.52941 2
-0.509804 2
0.509804 2
1.52941 2
2.54902 2
3.56863 2
4.58824 2
5.60784 2
6.62745 2
7.64706 2
8.66667 2
9.68627 2
10.7059 2
11.7255 2
12.7451 2
13.7647 2
14.7843 2
15.8039 2
16.8235 2
17.8431 2
18.8627 2
19.8824 2
20.902 2
21.9216 2
22.9412 2
23.9608 2
24.9804 2
26 0
